FUELSIM_PELLET_MLP 1
26 2 3.6203867196751219e-07 1766057431090173445
0 -0.0028284271247461901 -0.0028284271247461901 0
1 0 -0.0040000000000000001 0
2 0.0028284271247461901 -0.0028284271247461901 0
3 -0.0040000000000000001 0 0
4 0 0 0
5 0.0040000000000000001 0 0
6 -0.0028284271247461901 0.0028284271247461901 0
7 0 0.0040000000000000001 0
8 0.0028284271247461901 0.0028284271247461901 0
9 -0.0028284271247461901 -0.0028284271247461901 0.0040000000000000001
10 0 -0.0040000000000000001 0.0040000000000000001
11 0.0028284271247461901 -0.0028284271247461901 0.0040000000000000001
12 -0.0040000000000000001 0 0.0040000000000000001
14 0.0040000000000000001 0 0.0040000000000000001
15 -0.0028284271247461901 0.0028284271247461901 0.0040000000000000001
16 0 0.0040000000000000001 0.0040000000000000001
17 0.0028284271247461901 0.0028284271247461901 0.0040000000000000001
18 -0.0028284271247461901 -0.0028284271247461901 0.0080000000000000002
19 0 -0.0040000000000000001 0.0080000000000000002
20 0.0028284271247461901 -0.0028284271247461901 0.0080000000000000002
21 -0.0040000000000000001 0 0.0080000000000000002
22 0 0 0.0080000000000000002
23 0.0040000000000000001 0 0.0080000000000000002
24 -0.0028284271247461901 0.0028284271247461901 0.0080000000000000002
25 0 0.0040000000000000001 0.0080000000000000002
26 0.0028284271247461901 0.0028284271247461901 0.0080000000000000002
762.50921157817913 754.39376528578453 746.90437819161343 761.14381715109971 755.98565204823558 750.27966468445743 756.21577988595527 756.44195736456504 756.39309264887765 759.16964367867365 754.18238373887539 750.53795823747896 756.04112890462727 755.39724723093752 752.85413733157066 756.69989900442044 760.19429346173797 755.43974534309075 754.0983169121921 754.50773902088281 750.65622065522564 755.97068147162543 760.90848726854733 749.07207658779021 756.84923997592284 764.15879819598638 204400027.80126899
146.58151815151504 146.34114468018876 147.88335840757125 146.05122412156388 143.42661666993558 149.10426347897643 146.83367360739024 147.71516729565755 149.18733201323158 144.35577565678935 144.80978710589702 146.11857110054746 144.34076716222893 147.60662699777569 145.81075433845282 146.52168522284157 147.81166506915554 149.70764951306327 150.2807208010565 151.47332821075321 150.41862260002262 147.41942353410943 153.29091998374903 151.97584989687815 152.33146157538613 153.5190670221445 103333142.25227673
-1.3788546379842248 -2.7769827559102054 -1.4624034602663452 -2.7420961665609296 -4.7547243006708708 -2.7987164353938474 -1.4231156538635976 -2.7687723659175125 -1.4046075960083775 -3.1828049091135076 -4.5288860558009354 -3.2917578894596811 -4.5103483517807321 -4.51567950920683 -3.2719494938426195 -4.5067101537353498 -3.1750740557028414 -1.4078449033142542 -2.7792053129567984 -1.4303812165266423 -2.7982372382300107 -4.7572241985228558 -2.7425203762841694 -1.4529148048860383 -2.7667026531979739 -1.3722001201568421
0.73838736102363256 1.4204734040809741 0.74583720449119462 1.4135114061781957 2.4319271582428499 1.4175887599239321 0.72661707389503527 1.4087929080357222 0.728504992778645 1.6702604775277188 2.3129727604515233 1.6775006445413372 2.3015501243384691 2.3036953093578321 1.6554720499666657 2.2947111073240141 1.6493285018697827 0.74118817903154155 1.4233154462829296 0.73944063996920639 1.4209730305447101 2.4330490196365275 1.4163639704428888 0.73758859913135244 1.4149013178811538 0.72888323750410777
27 64 tanh
-0.00011993581371660822 -0.00028803523836300725 -0.00010213224395901823 -9.1673691212165319e-05 0.00027738964060454923 0.00026388732214865874 0.00012783814392905619 -0.00020206862762071263 9.1100347892411322e-05 -0.00038393268902695308 1.3776910688462812e-05 0.00022879333086903749 0.00014083898810390483 0.00019835785838649193 -5.3326580909362074e-05 -2.0207590475957363e-05 0.00016998023375203584 -5.0982952186364939e-05 0.00038383431724747292 3.0646380176300493e-05 0.00024581176904430135 -1.7567168965568685e-05 -1.0562695244688983e-05 -0.00016654203214093053 0.00014846752863688625 -2.6278950676950615e-05 -0.00025032055933842058 0.00014869611869960893 0.00022396603314217306 -0.00040643219308842034 0.00019951137256920469 -0.00019411336080122057 -9.2704634705040193e-05 0.0002567302471514711 0.00041217663369609239 0.00032274742623104592 8.9389229321715189e-05 0.00021513167481067633 -0.00028772964453995707 0.00013206471433110218 -8.8178919328858491e-05 -4.8614196693997941e-05 -7.1017678421889956e-05 -3.5447652540804846e-05 -0.00028679067105857029 0.00031974829744385494 0.00027686222410690643 -0.00011679213038371915 0.00047607723730763696 0.00014434838390461633 -5.2552733214059117e-05 0.0001866703802446004 0.00012234936594939172 -5.5096752645201934e-06 -9.5091840196901448e-05 -0.00022608310905954161 -0.00024922021192970212 -3.674683567542818e-06 -4.6870357156379528e-05 0.00050142930307837334 2.8112083248605656e-05 0.00016050229008370811 2.7577567417117178e-05 -6.6893883955610869e-05 -0.00039558624086847275 0.00017167711438612987 0.00015300629805287339 -0.00014071981765168297 0.00021313472463647384 -0.00013137791195188693 2.643716327701146e-05 -7.3051834745463333e-05 -1.1832508452095869e-05 0.00011342960192178467 -0.00024500075549775728 -0.00015138717840285483 -0.00038262146832684435 -0.00019813846903022473 0.00016071035717671507 0.00018959777615206076 0.00018709149288629286 -3.0740202965503867e-05 0.00010339606088862453 -1.3689562502966669e-05 8.0674036067070575e-05 8.9280447575142773e-05 -0.00031212427927318931 0.00012301942126265793 -2.5667677539941801e-05 -0.00018683269183874941 -0.00010394659098692045 1.6524985864777675e-05 0.00010309924760519504 -0.00021755686565444788 -5.903113696915524e-05 0.00018297676406348152 -8.8382794013673165e-05 -0.00023602862811440825 -0.00026658548827042508 0.0003284969626775868 -0.0001484690712384759 -2.1802006214773595e-05 0.000114921486208986 -0.000355633743702714 8.1631281159950632e-05 0.00028272578286549352 -0.00024041330749262853 1.3578527708229381e-05 0.00016678339043569034 -0.00016321310504032333 -3.1327185748355079e-05 -0.00020661699511793124 -0.00020036077468922346 -2.5392447598703268e-06 -0.00010911907719154287 0.00013619295236252954 -0.00024293958404036632 -0.00016503925456515592 0.00049197094607140817 0.00025769682291103003 -3.4274455117303217e-05 -0.00029575235178528182 7.3784819035874872e-05 0.00019849868402727227 7.4225373885031498e-05 0.00032579732180513539 0.00015359914912788997 0.00019931340180720283 0.00034734852616128282 0.00029051073663399497 0.00013757036317076738 6.7180070647631581e-06 -0.00027870717767030116 -0.0001119129317145215 0.00010282089064132493 7.442712432814958e-05 5.2926915751338171e-05 -1.030663299788889e-05 6.0465148058823297e-05 -2.9488849223706021e-05 -9.4001859815228981e-05 -0.00020745774321114527 -0.00018699950059440165 -6.5175268865761779e-05 0.00025261537524299079 7.1478505751791259e-05 0.00029875292439215186 -0.0001498947493306987 -0.00011630925174896456 0.00021696713241642809 0.00014511039221925113 -0.00030049307477187482 -0.00026703646301303059 -0.00041484590588940646 0.0002439943341966005 -0.00014734250950941926 0.00042825443667048876 -0.00015455894127885185 -0.00026207232715967594 0.00020235002908724237 -3.2491367673750459e-05 0.00018428160110575467 8.4472024730621671e-05 -0.00013537499153280292 -0.00047214605463242212 -0.00020276827915856099 0.0004799322358413036 -0.00010549819450171458 -0.00019311011780146433 0.00026601500817261751 1.7120306967376623e-05 -6.8839725631633295e-05 1.7361765356957602e-05 0.00020320304719217223 1.7231783936493254e-05 0.00037706757344828015 -0.0001769424943180847 -2.7024340934015134e-05 2.0151767536209612e-05 0.00028887379447032794 -0.00015320908394822605 0.00010395955656629309 4.5423161736767319e-05 -0.00015009095360094015 0.00019341015794369182 -0.0001178153170682154 0.00015127405303289162 0.00027528884325351698 0.00037895844145477745 -5.8335823518505805e-05 0.00010831906414354356 0.00040477580592518928 0.00035656807865085263 0.00017189973215756915 -9.2072073327371216e-05 8.8436886106579651e-05 -2.758108847861759e-05 0.00034783003763307708 -1.1674253366991499e-06 -0.00012177022423749334 -0.00011521936047631684 0.00046569190670870119 -0.00043718941289921974 0.0003784791832999453 0.00017886598638342901 0.00029030554341434594 6.331680082913795e-05 2.6240910481813525e-05 2.3888055094936137e-05 4.7825913006370265e-05 -3.429841871266317e-05 -0.00022666138845235857 -1.2715825551493918e-06 -0.00023839951631913399 -0.00035647333101806355 -5.9567487950080258e-05 -0.0004913003475819416 -0.00012490045539719698 5.8531486535625183e-05 0.00016066779627966869 -1.6270275411233641e-06 -0.00016943336138299273 -0.0002095656133154981 -0.00017566921102000099 -4.0135435550409908e-06 0.00041425097739624186 -0.0001443586664879817 1.0298568384116388e-05 0.00013968731140930762 0.00020480902580409329 0.00017080484631549849 9.8478162060016514e-06 -2.2027609034195364e-05 -0.00015186134274558751 -7.5554875721059933e-05 -0.00023473929619290999 0.00012646623667451193 -8.792744017818653e-05 7.5913346741029826e-05 -7.134008236417691e-06 6.6282181541854588e-05 2.5765782402808206e-05 -0.00038445802222727716 -4.9625253935795263e-05 0.00041283048522167733 0.00017249817424114347 7.5540410155894923e-05 0.00034100303230689261 -0.00012235189727245266 -0.00023847047498477811 0.0001392147543177255 -3.5932841014754096e-05 -8.0270302070371868e-06 0.00011262469974477524 7.0557987337735518e-05 4.4206869739761327e-05 -2.5321251154168125e-08 -2.9246171463618417e-05 0.00020058905271000174 6.8094627003858409e-05 0.00025578582552657838 0.00016097930084424733 2.4855658249033949e-05 -4.910441196617686e-05 0.00028740893085843348 -0.00011341859223238258 -0.00025788974512182841 -2.8308629124062952e-05 -0.00017660000547644274 0.00018194378488787266 -5.9150269541850748e-05 5.8901106694700239e-05 6.4520363283613572e-05 -0.00021516600338679302 4.7569066967745854e-05 0.0001061138361312337 -4.4811057615701715e-05 -0.00014512759563708888 -0.00024203722292588314 5.8069519719747706e-06 -0.00031364549248501093 -6.2574719864169834e-05 0.00013305199885845311 -0.00023868570621687091 -0.00022695522079953153 -0.00018493590808426388 0.00033304638465441187 -0.00019240210496888706 -7.6796438900188086e-05 -0.00036481590971218476 -0.00012349467500487449 -3.7524891699993136e-05 5.1691093568163244e-05 9.7230523803572906e-05 -0.00015389704625079338 0.00018560702660088755 -0.0001718941880904343 0.00013388334232443928 0.00012557685772433491 0.0001509474490664013 -7.2111220657286538e-05 0.00030933711215028653 0.00020282725691840494 -0.00017263759369548203 0.00019553388424482849 2.8146648439013264e-05 5.381848187786404e-05 0.00011684221900709583 -0.00030591103257914654 0.00038128845321899404 -0.00028641640012625765 -8.7436120162217302e-05 3.3828536327631465e-05 0.00033165428121385154 0.00012346533945328158 7.736400781568236e-05 -0.0001322891781890703 -3.6625709357530123e-06 -7.9584922954927873e-05 -0.00019991756632225429 -1.2250101049113712e-05 -1.6196137223120893e-05 7.7777292714585654e-05 -0.00011236834720732185 -0.00021730583033297164 -0.00039731039602995981 0.00016202835063786411 8.9718642068742287e-05 -0.0001058289529339205 1.6432967336277606e-05 -0.00034423191326103989 0.00056079839697749183 4.1112790558959925e-05 -0.00010739695545785933 -3.8117103281096567e-05 -0.00019528495692254906 0.00010347938056582414 -2.4832803557013619e-06 -0.00026470333433156268 0.0003952909800336544 -0.00016898601655863398 0.00017457023954816871 0.00016884492764650125 -8.5323484789847029e-05 0.00041954276103795478 3.6694436958739345e-05 0.00013920426687647836 -0.00031038999300879536 -9.4476238865930326e-05 0.00022265558782039657 5.5988461459943479e-05 0.00020109364513909764 -0.00013250155073525838 -2.9940964016214337e-05 0.0001292849018241086 -0.00032225919240743637 0.00014422205527298218 -0.000197529941301174 -0.00010913106990981634 0.00030767674704098512 0.00013839974727153828 0.00011209454141996052 9.9332565096044452e-05 -0.00015068113479869776 -9.3419803685657149e-05 4.2124382860253914e-06 0.00018581662666004409 -6.6444413530485601e-05 3.1778287846606027e-05 -0.0001853095376592129 -3.0829882695780217e-05 0.00013487085015103718 0.00020183688323495815 0.0002225668713518765 -0.00021609050563697727 -4.8172347487555513e-05 0.0003749688258994712 3.4852820331178953e-05 0.00012412397879652163 -0.00012860456439796962 0.00013874424943097284 -0.00037165486646518922 5.1694620890064538e-05 0.00013677538607254752 0.00016559794375686245 -0.00012556572339743761 0.00011712635344655172 0.00049461491055850847 0.00011695176191732196 0.00027903841256324318 4.4189915181827416e-05 2.4081284372421212e-05 0.0003061081771363372 0.0001095474007524961 1.0050807927659506e-05 -0.0001080438591153183 -0.00019362975418066314 -3.4986353551904231e-05 -6.3975262934132268e-05 8.549820598100096e-05 -6.5856461477537215e-05 -0.0002756331396692909 -9.9671063020499953e-05 1.3064747870688454e-06 -7.7882408820377437e-05 -2.0598260334283531e-05 -0.00013800524790850475 -0.00021018072677580167 0.00012823725387756192 0.00027853331774911215 -0.00030383796285508489 1.6565627892320892e-05 -3.9738952861729893e-05 -2.1765997093527684e-05 0.00030209067058734382 -0.00011927487466955972 9.8333587815492389e-05 0.00024204229200194103 7.2542356405531564e-05 0.00021099331718703594 -0.00027566593334884604 7.8395572801485996e-05 9.172803506548479e-05 -0.00041399891883719508 -8.862445299653038e-05 5.0541920384716706e-05 0.00013332182248171044 9.1013590897732834e-06 0.00024505751586148869 -6.4253924505002768e-05 -3.3850036370457945e-05 1.5689554579966079e-05 3.4771592243206682e-05 5.7329305808205906e-05 -0.00014721536400005386 0.00010601992324953564 0.00027791604619289826 -2.3724637677146179e-05 -8.0799821326686143e-05 7.9231853399765542e-05 6.3710359496961467e-05 2.0233882304097287e-05 0.00034581066960167917 -2.0516554325413285e-06 8.418644939433904e-05 0.00027422076119725853 -8.2379885341381904e-05 0.0001743699340797329 -0.00031577397186170232 6.3947780548808127e-05 0.00023797927540324527 6.3864466178445697e-05 0.00015654992323759902 -4.7419888226601199e-05 -2.9766712341935238e-05 -0.0003670703823835719 0.0004001923624155211 0.00015173449809434137 0.00016726192130927999 3.1823128798479481e-05 0.0001092659734733981 4.2668567607769494e-05 0.00029893172420227194 -0.00016089543282350792 -3.6042042317539458e-05 -0.00028370003018730107 -2.4017529144180174e-05 0.00018349389790168989 0.000201405428616586 -0.00014489345673353405 0.00015552504908898285 3.2689312030482234e-05 -5.4541541189780657e-05 -7.2785866119684127e-05 -0.00055396796464549211 0.00021667599751006215 -0.00045046949180597501 5.5320975129055423e-05 -4.2723929778788314e-05 4.2637786080232169e-05 6.9322401462838963e-05 0.00023389791602410138 -0.00023823867019667714 0.00035359095310572247 3.830222477975436e-05 -0.00010254171508360512 -0.00016155084529243536 0.0003774949584741499 -0.00024041382869228811 -0.00010628466982442391 -0.0001044007230498375 -1.6355175205269897e-05 -0.00024529061929968684 0.00031922341512074804 -0.00027760192798917909 -0.00035095081202613047 -0.00011667564744728508 6.696015926635623e-05 -0.00022372582398700797 0.00019478776617541638 0.00019258305264627094 -0.00025815790879905306 0.00026843502342906541 -0.00013748857173823158 0.00018721147964033096 -7.6975894483372856e-05 0.00049089388714940955 0.00013271525213621525 -0.00023099037942786476 -2.3462511115018287e-05 -0.00017124484052295251 0.0001162262674671048 0.0001034269803017124 -0.00028712331020472489 -0.00037487048919421679 1.1165760951129818e-05 9.4573272281025543e-05 0.00019916839747955228 6.554698226527808e-05 -0.00021475304767442144 0.00018701230093732022 3.0079212737778424e-05 -0.00013471340147010066 0.00020492277962977834 -0.00023136653893613549 -7.4410384065103153e-05 -0.00042622136744163014 -0.00038871461574070855 -7.2591156328638941e-05 -7.4120528161279254e-05 -1.3158697310243567e-05 -0.00013045201221576589 -7.7259597339168723e-06 -9.9240420762462621e-06 -0.00012877665377663335 0.0002238178067565991 0.00027770777200511058 0.00015525791827486084 0.00013200517439612052 -9.1297244059229319e-05 -0.00052224135319515889 -0.00036939977597088257 -3.6011076634249109e-05 0.00013605811212028424 0.00030746009184095608 2.2720803015082237e-05 -4.5317182359911575e-05 6.5969415877659409e-05 -4.2920890477402308e-05 0.00024852234704348129 -7.4249792089828583e-05 4.7694549791830661e-05 0.0002517004636100915 0.00055387676263261322 0.00026424428598513468 -2.1894835597560499e-06 1.6516157763188326e-05 -0.00011339429285180641 0.00060154416828974387 7.7900730426022817e-05 -0.00031791544491882855 -5.3120880257810671e-07 -0.0001464509417065131 -8.5716106356431289e-05 -4.9533465865573035e-05 -7.1938480159897074e-05 8.1114626305394316e-05 2.1200331399046914e-05 0.00017653831662832058 -3.5073280795495621e-05 -7.9880180573283079e-05 -0.00015041084890579756 -0.00021603433303570458 0.00013766725164951168 9.9967156899999951e-05 -0.00025621585108847223 0.00013558807553757163 -6.1501749233340591e-05 -9.282675850580036e-05 -5.4753445784723103e-05 -9.3625257679965892e-05 -0.0002260381274637471 -7.9045867168651176e-05 -1.1741505591188263e-05 -0.00014370660269445785 -4.8076671013694491e-05 -7.3341248888713541e-05 -0.00014859065578133569 -6.9820418248254395e-05 7.7124715657091753e-06 -8.4576341995674169e-05 -0.00019565337969756544 0.00010075476641121701 2.7566781142123143e-05 0.00030335684909000427 -8.5834847553249296e-05 -7.4083221703938264e-05 0.00022106406804680149 0.00029177867270812794 0.00011514184967992894 0.00032614412097357502 0.00016111572543173037 0.0002773241829190514 -6.3261559488848862e-05 -5.0384621435145886e-05 -6.2776250232364082e-05 -2.7268560773203877e-05 -1.2984434654652326e-05 -7.0321526386290181e-05 -0.00024140974587268959 -1.5582214064800768e-05 9.1252101766856403e-05 0.00025870427864246496 -0.00017743805766149277 0.00021308966878920478 -0.00015603419617504381 -0.00013951742361587615 -6.8090761562697609e-05 8.5453956037444791e-05 -0.00014305376701951314 -0.00026486067812498629 5.4900165255588022e-05 -2.030887561682619e-05 9.2638390817926052e-05 -0.0001397670506599283 0.00019391998500100697 -0.00039048001237149751 9.1287110458759593e-05 -0.00010277751672475318 0.00017012413111859597 0.00012133098861863939 0.00010431062712627368 3.4919074526349964e-05 0.0002006031368288784 7.6952053458205532e-05 -0.00013087432989313853 -0.00015759744201636138 -0.00029004425112426265 3.4128970101937494e-06 0.00010658960836262348 0.00028497619604374075 -0.00014668596626085515 0.00027148947291532092 -0.00012577327645223481 -9.4161335351942828e-06 -0.00020100415323039505 -0.00019762881904505155 0.00010025347324365702 4.5756845730978339e-05 8.804672333977213e-05 -0.00015310563759035579 0.00027819133893552489 0.00020125722374971276 -0.00024445255888902185 -8.433201696840467e-06 -4.0691334196967213e-05 4.4277797698677502e-05 -1.8753606720213395e-05 0.00017621935352908367 -0.00023040180808543034 0.00044569511571108082 -3.0648375901278788e-05 2.1807166835754033e-05 0.00024722704951816109 9.4328325195064421e-05 8.3666539614517724e-05 -1.5104120087485344e-05 -0.00022067103741486255 -7.891605025821434e-05 7.4017877976476873e-05 -9.0959798193725939e-05 0.00024577728825924962 -5.6785278867086127e-05 -0.00019124674548872975 -0.00020597002587349444 0.00029779195705314365 -0.00021899014528286621 0.00013527221566840721 -0.00020822370093135018 -6.9438843017470496e-05 0.00011114842641817783 -0.00032518381472524413 -0.00017851211781521608 -0.00015875466516049365 2.9102748013956118e-05 -0.00029242186114489412 -0.00015012736420765214 -0.00016410827864197825 -0.00035951426996063378 -0.00016454691633544286 -0.00018997046652147003 0.00036908435790214124 0.00035114611044511078 -0.00023575967883007108 -0.00035701227136050479 -5.3725881879633092e-05 -5.2651878426326349e-05 -6.2058953705770411e-05 0.00048168300076822235 -0.00019686392740932805 0.00025487390932205404 0.00016063482582549034 -0.00023501231009494697 0.00017848910973422455 1.9523284053242237e-05 -0.00030450352409751514 -6.3651487375589826e-07 -0.00017168065778892566 -1.3040380208895696e-05 6.9434914430786191e-05 0.0003265367819440947 3.3314931267332434e-05 5.6954415210961686e-05 -4.0581367384834038e-05 7.7795744432956288e-05 -0.0001051156373354528 -9.4176566473182815e-05 -0.00020861022554592422 -5.8572988472466389e-05 -4.5178726151362009e-05 -3.5617500735082787e-05 3.2600207465621579e-05 -0.00026741957740864832 -6.0894800216749292e-05 -0.00010465098198014044 -0.00013307956733837545 -4.3448314393080269e-05 5.5513769873864077e-05 -0.00032906323217135613 -0.00044989627717632842 5.7015137142959629e-05 8.2332650318528354e-05 -0.00012322697304559984 -0.00021695850543625823 -0.00022394823722030974 3.767221069072006e-05 0.00012713312648320044 -6.1121038241401582e-05 8.0194197666827579e-05 4.8645137952809237e-05 -0.00012088239316895108 1.0045981341923807e-05 -0.00013717964930980281 9.240414992558004e-05 -0.00012622124997136523 -0.00027658953072441769 0.00017873377382635947 -0.00020878452909211083 7.6358413273751121e-05 0.00018948265850961878 -7.4392382122639251e-05 -0.00015103600331892845 8.641520937334595e-05 0.00038359782167683232 -4.3947479843441604e-05 -7.7317074302010066e-05 0.00023832806143116278 -0.00021813001604643255 1.4562884701841566e-05 -0.00020594324632607628 0.00012881381020313099 0.00013868142160151917 0.00011661229597296569 -0.00010049968783525865 -0.00022002712046393706 3.542461421932995e-05 -0.00012612694171474932 0.00027337788638087245 7.3186474606180135e-05 0.00041075111079066836 4.798521124761907e-05 -2.6580264297468391e-05 0.00020568778210790312 -0.00020818543012002475 -6.0907199057583959e-05 -0.00014719349097043783 -0.00022029129388069756 -0.00041189452116347923 0.0002181393774848123 3.3452612309678808e-05 -0.0004795635796958553 -5.8378761141618749e-05 -0.00024068408540567181 -3.727695108820262e-05 1.727081559966109e-05 -7.498485472219165e-05 -0.00016843062226591955 0.00026325933880317031 -0.00010613169361700086 0.00018954239047136971 -0.00040854141531164185 -0.00020752262000791279 0.00022368686404691549 0.00021187557653006963 0.00023486511185913459 0.00017489894614568086 -0.00022047521604773843 -0.00029644628101453869 2.8314090950054224e-05 -0.00023252856207808253 6.9990848184333098e-05 6.3898201634499601e-05 6.1589737792198425e-05 5.5291098323618205e-05 0.0001080971124787205 -0.00014995722818045108 0.00019312908054485456 -0.0001300530217154966 0.00033033595146184189 -9.919413336635912e-05 0.00018950460627492312 0.00010783974764198266 0.00041001125923148968 0.00019255809749429349 0.00025023699381663406 -1.4960855403661605e-06 0.00018268225020075002 5.4311795592269178e-05 0.00029304116652284522 -0.00015163032673285888 0.00034949773269583683 -2.3593574063841184e-05 -0.00020381296324493333 -0.00036176989569381156 5.7601425581531631e-05 0.00017333100534817631 -4.4498684095074005e-05 9.0624842015984747e-05 6.4446588832704776e-05 0.00017995114956300824 -0.00011739118381031452 -0.00016470521909703892 -5.8516025157662256e-05 -0.00021280597971162622 -0.00040448267165737838 0.00020415290440675316 0.000215358156323599 -6.3387112361205119e-05 0.00045860074057703089 -0.0002264635002312008 0.00031376583470684545 -2.7221094975959645e-05 -0.00056766945255903021 -0.00024174456002930465 -0.00015402531314902322 -0.00021411830433489131 -0.00022491170882329642 -0.00019704146754114519 -9.5379815944058598e-05 0.00029509127392023576 0.00017889435653857939 3.863777246023925e-05 0.00022843297163800073 -0.00040900641464055237 -0.00022943583710601398 0.00033803785479218952 -0.00013979160479981565 3.1756509627028416e-05 -2.3643713611098643e-05 0.00010351547787386365 5.9232071385709746e-05 -0.00021104428469810002 -0.00044175772218761757 -0.00013352296485967291 -7.0715333358641489e-05 -3.7579545191766983e-05 -0.00013791306324624394 5.741580277721202e-05 -0.00011929168768184705 -0.0002270629953520666 -6.7906116269112011e-06 -6.1329024105207422e-05 3.4816026178476142e-05 -0.00014413334500157693 -0.00015489007596864235 -0.00014915322079988062 5.4090257143847121e-05 -2.5830850714620356e-05 -0.00026782124787357405 -0.00012694452408472222 -0.00014575158807245999 5.6655892507185384e-05 6.1101309146328372e-06 6.544270206764389e-05 3.3622356648159462e-05 0.00029778436559992506 -0.00014107028938358302 -0.00030000569263285184 0.00016787866360980192 4.3906203076212045e-05 -0.00010387441566606006 -6.4620434671106361e-05 -0.00022186728477448792 -1.4655751539266249e-05 -0.00030253387520127572 -0.00031159325917288003 0.0004136488116602475 8.5760806031074912e-05 0.000103368613365872 2.4410617157056479e-05 5.1161321223573078e-05 -2.4425747060653235e-05 -1.6574500202305734e-05 0.00043112458457863242 -0.00023565157528070377 -0.0003958953088345177 -0.00010321411792636377 6.2504624080008349e-06 0.0002033956539668354 2.7709579112866804e-05 0.00027373286757487923 0.00021946397435514879 0.00016031751737579424 0.00014124014833961172 6.2030115127395665e-06 -1.2067033956745823e-05 -0.00012365235438253493 0.0001351959566839367 -0.00021635934320643553 -0.00037837238577794217 -0.00018438575960405681 -2.8481602725773649e-05 -0.00042202574036390866 0.00016947158456607502 -0.00011703698220091921 -0.00016035025853926155 -0.00032349526494083569 -0.00035917751794276032 0.00016606895362458529 -9.6061692237424623e-05 -9.7980707432232986e-05 5.1806233778118078e-05 -0.00033982821062896579 -2.3811003973674694e-05 -9.936782794519477e-05 2.8505697796547736e-05 0.0002214876094459335 1.8639020430663592e-05 0.00030490412147796608 0.00011281050111694599 -0.00036645084979390196 0.00012186921449880912 -0.00021376457364184292 0.00016243002820133791 7.7557379417529028e-05 -0.00015281631993826778 0.00028449571794276856 -0.00013188105850047032 -9.5523986498103749e-06 -0.00036819314029593123 -0.00012997928282856239 0.00016192828936945072 0.00017173176049492373 0.0002478019512456715 -0.00026876647427318201 0.00011911360110172857 -0.00014047902113612361 0.00024156916963719987 -0.00014747503608387443 0.00026282762145810859 -0.00027653135696035168 -0.00020871623906874352 -0.00012111497157859481 0.00019421970396203559 0.00015816112481589585 -8.798126310970973e-05 6.4940976149205966e-05 0.00015258791697918831 -0.00040361104327922613 -0.00025052319159161714 9.3844614105879936e-05 0.00057031091853829228 5.3473968691042102e-05 -7.7515616136491537e-05 9.3171707644646283e-05 0.00011734274939452036 0.00015824719432849734 1.4370924526745889e-05 -1.8792275927304858e-05 0.00019865460778095481 0.00014947480197470263 0.00019786542159913481 -0.00010019847496671868 0.00033721824942907589 1.4473512006907622e-05 -0.00011837600153120941 -0.00030240965089631331 -0.00010566914884584748 0.00021705968571520125 6.2860471628894458e-05 -0.00014141471648584526 -0.00012350550490645382 0.0002639159062986244 5.6466369365458749e-05 -0.00036331665174258013 -0.00019140856659337121 8.0825823302075602e-05 0.00029014800350984199 7.6688511835900603e-05 0.00029512736885745105 9.716608134134353e-05 -1.7763197066592719e-05 -0.00024347848642628287 -7.9416649861451137e-05 -0.00017178401526487058 0.00020355163890477002 0.0001582348068824544 -0.00017138149444518699 -3.2786764861903381e-05 8.4072183829073279e-05 0.00014610762901548204 4.053746323742583e-05 0.00034444794920262921 0.00014694749471046048 -0.00017084224646741466 6.3756298446539825e-05 7.2755595219707104e-05 -2.5350959283589649e-05 4.3845706233790556e-05 3.3627555347763444e-05 -6.2096305144166699e-05 -0.00022627283644205239 0.00017604584898953099 -0.00010036892305599237 0.00025021647198721926 -7.3715906493060718e-05 -2.5787361044268307e-05 4.3264872998599176e-05 0.00030528651736396682 -0.00048852483283630735 -4.5107127744426521e-05 2.3931985223200899e-05 -3.2437530589389138e-05 2.3835679557688165e-05 -7.198648043055249e-05 0.00032329433925322204 1.8753579333563183e-05 -0.00051038562122961118 -6.3301058762198431e-05 8.9300765936395243e-05 0.00038980126646471927 5.7510980366122765e-05 -3.3848102196938234e-06 5.7931400972802424e-05 -0.00027428083501602281 0.00013186619099435468 9.1918836753717079e-05 5.5353362953628222e-05 0.0001546172677017446 -5.716951545173685e-05 3.7537495789648793e-05 -0.00037369066480105484 6.9332572718599204e-06 -0.00024783101141683585 3.7887401756593595e-05 -0.00014006139504242285 -0.00041025007347741932 -0.00019868123353414488 -0.00010905686105804739 0.00011426292742817646 0.00013257836214058456 0.00025098321680131755 -0.0001060621316425387 -9.9905417016153908e-05 0.00011561304501156421 0.00031327812602204724 -2.329691044739864e-05 1.5182036544359891e-05 7.3270590081940028e-06 0.00016193087070226486 -4.0247693618653401e-07 0.0001255651090709444 2.6062236800859715e-05 -8.7174434991770769e-05 -0.00022916961842923015 -2.2525232363926157e-05 6.0662591783412018e-07 -0.00014050534249043705 0.00017499908471363781 -2.1579405673523632e-06 -0.0002826705621640943 0.00013278044641700404 -7.2599638868665135e-06 0.00023087102660089611 0.00015487769474268711 -9.889074276151326e-07 -0.00025489598239409841 -0.00041526085009538409 -1.9991799106244401e-05 -9.010525475476144e-05 -0.00032601706513334322 -0.00011639624844852595 0.00024849949548982686 0.00025743715957876953 0.00039189258153462197 -9.7085674031859132e-05 -0.00011501666114385055 0.00030112664362478268 -6.0075247406834477e-05 2.6474965229855964e-05 0.00020648963404384729 -2.9672706932850464e-05 -6.7245826815804039e-05 -0.00010890604783240261 -0.00018442855193873144 6.0490860354599013e-07 4.9784644262995353e-05 4.3606500506829221e-05 0.00025892297471617791 -0.00017801124688918358 -0.00017939545247985561 8.8718708215958263e-05 3.6310293125561817e-05 -7.3400134606772474e-05 0.00023974090104203152 0.00020210984307526586 6.8690938956027819e-05 -0.00033425303353301936 -7.7307424357210677e-05 0.00019106150630530104 0.00030893998911161487 0.00019276131550087519 1.0581814334319389e-05 -7.9010471662972138e-05 0.00011711394010066692 -9.0086724786185039e-05 -0.00029064199414286694 0.00022084596544986559 -9.2880806058988591e-05 3.7084230922065052e-05 0.0001768485926430115 -0.00021609386940751315 -0.00012391499453580756 -0.00045715393918221341 -0.00022812997556560298 0.00019525500379970954 -0.00020965290326988272 0.00029794999637614597 -6.1968428375395527e-05 -0.00022533031755008666 -6.7656572067838886e-06 0.00019671262013882927 -0.00031412853089927235 0.00025667201269536272 -0.00050920678944952691 0.00018733792040906785 -0.00010685886742916726 0.00019939069894542034 -0.00039844338521064789 0.00013059894727721386 -0.00018590549382204504 6.3239462921390603e-06 0.00015017221305117372 0.00010121753821104878 2.1086152744418446e-05 4.7604458914647467e-05 0.00025288307718352587 -0.00013217352196364426 -3.3644866892458322e-05 -1.0903999456029596e-05 -0.00018137107342554374 8.397663875450984e-05 0.00014527776580799444 -2.6884759210685488e-05 0.00028769255137236826 0.00039329208522272211 -0.00014692917887028215 4.8634831309620651e-05 2.2430381027824473e-05 0.00038015630595049306 -0.00022721817185510556 -0.00019109665434129759 -0.00032341601882882384 6.4990789617968992e-05 0.00022574618923119132 -0.00012225805679283813 -0.00023498634211040073 -0.00012749804168277299 -0.00046208563480749687 -2.4235473227083104e-05 6.9477360296972806e-06 2.7795309624709217e-05 -0.00013514155055475855 -4.8042444396170719e-05 -7.2723572527112228e-05 -0.00010973551369395524 -0.00019172074708716962 -0.00038200236164380019 5.7764694436899075e-05 1.0250984216505994e-05 6.8946735802103163e-06 5.0242721656273352e-05 0.0001492867354495984 1.9258325540262306e-05 0.00013197779349959193 -0.00029872350490250195 0.00045423399907656016 -7.2792437356837219e-05 -0.00018523259236094284 1.2089107286764138e-05 1.5260979724455263e-05 0.00029844882862857194 -0.00015276840481949936 -0.00033939493251923763 -0.00021772711432406895 0.00021371733556723894 -0.00038973889784650996 0.00017003212126614318 -0.00013893126547183995 5.1837467884952711e-05 -0.00038374658830678384 -9.4613077547256916e-06 -9.052753921565425e-06 8.9742264187944303e-05 0.00020964586708662508 1.1735443134005812e-05 -6.8566793460219546e-05 0.00051221278843529075 -0.00010277316331461913 -4.9164152793016323e-05 0.00022099003345519948 0.00011523663037072412 -0.00020789695564142543 4.397465388133773e-05 -0.0001464415706797051 0.00019744017498771188 -0.00010752168018981409 4.0786736982492922e-05 0.00011519609850129137 -0.00037049747316966411 -0.00027868423699091259 6.1861873923213672e-05 -5.3609538683861469e-05 3.201695518336481e-05 0.00033230150919648458 0.0001099297323776239 0.00039464738866622597 0.00016722476347710998 -0.00013811916348258801 0.00018039928172947916 1.3167146794711889e-05 0.0001139701746447625 0.00018808723170580261 -0.00020078320764215795 -8.6018261089689747e-05 -7.260159673894502e-05 0.00051634380179247437 2.6341456471155123e-05 -4.8907804647417487e-05 -4.1420445283951164e-06 7.9479541125523258e-05 0.00011496135637282747 -0.00015726519845985558 8.9273007129524971e-06 0.00023659239892485614 -0.00036716389502735951 7.9043755429629206e-05 -0.00016240029829353789 -6.2517528031487483e-05 -5.5996069720457798e-05 -5.8322962167804836e-05 -0.00036758655933881353 0.00015523727866010231 0.00026385438678935955 -0.00026704238124105429 -0.00017863022363834625 0.0001541974673783782 -0.00014483401864007073 -3.1018549574587756e-05 4.3804727513901691e-05 -0.00014129112827441262 -0.00036753122486949866 4.6491492107243457e-05 -0.00029746557999254955 0.00024828884797071106 -0.00036892932852701944 5.0645339662285237e-05 0.00013499638735448168 -9.995279479107133e-05 0.00024316448526723731 9.0136961875499761e-05 -0.00022504829530255963 -0.00022924683390402182 1.5322123356560101e-05 0.00042057273281630191 9.5317646839589563e-05 -0.00017570304486802689 2.243559493463864e-05 -2.5523315713507362e-05 -0.00025393799892825975 -0.00040738568413011743 -0.00016182498256126239 -8.2315813359104908e-05 0.00013808828119654996 0.00011311685535731424 -6.3532616339427453e-05 -2.2844019787952117e-05 -0.00015119499111742826 1.3514027344324062e-05 -4.9244792518854373e-05 -0.00026651625275423568 0.0001792570395743712 -8.7763930850748498e-05 0.00013634177475643972 0.00012105660237379253 -8.9605038154224375e-05 0.00017073817503674996 4.3108643289273542e-05 -6.9117725484326283e-05 -9.1157910881764135e-05 5.1734997190113194e-05 -4.3650423834145972e-05 -7.7566379627524426e-05 -0.00020089682380152759 -0.00026814030139378855 0.00040559039813165438 0.0001805061567825767 -1.3067639204340527e-05 1.7307705477629723e-05 -2.1500610007739482e-05 0.00024850339890961651 0.00014367425979461903 -9.8897827661720395e-05 -7.5529747780837185e-05 0.00027341626114336422 1.6294797961643363e-05 0.00033370382133741109 0.00031617950213600366 -0.00019182620054992243 -6.9943141642318958e-05 0.00015869715029472343 -0.00022480090459062172 0.00010975526766420678 -0.00016643101081520868 -0.00038036306459213176 0.00010570935038083063 0.00027078311174278226 0.00024675251280578133 -0.00022975998608373759 -0.0003069540121765836 -0.00032691831245520021 0.00019432000765034124 2.5636128243604904e-05 6.1821135447898646e-06 0.00012296596849764767 -4.4651617457765307e-05 0.00019665989675965979 -6.3957454383708686e-06 0.00010424344178893444 -2.0911560554725061e-05 0.00054438858593358207 -0.0001780050077953656 -0.00029806828620359979 -0.00012351834608752654 -0.00013435433178331173 -0.00015215272820058614 3.3012497221404534e-05 -0.00022395778011124752 1.1699144560555456e-05 8.0400765656150619e-06 -0.00031596881495945926 0.00017457310053661072 -0.00018594427269888109 -5.0481753362596847e-05 0.00012229395448436526 -0.00065445071762059088 7.319363021013942e-05 -0.00048743683630391506 2.5985870562158141e-05 0.00017129808035642132 0.0001829933224312294 0.00011843549350694046 0.00015707861498351241 -9.1347270218864094e-05 -6.4154717107054967e-05 0.00021207439816056916 0.00011827086023642336 2.1475584521992176e-05 0.00038638133999986603 -0.00033040982028422297 0.00031832477618093326 0.0001235560866083632 8.439442951161927e-05 2.9716357653300444e-05 0.00037478627025641154 0.00010667431762689956 0.00014903068493000887 -0.00019432575036972498 0.00015669254897110761 4.058533483294132e-05 -8.3888671997206681e-05 0.00050763953093539216 -1.83772561631369e-05 -1.3153872956833687e-05 8.0458740326683266e-05 2.493320631787258e-05 -6.8463385965819904e-05 -8.278081903584963e-05 -2.9215328645976078e-05 6.1604913003623416e-05 1.6861685983180528e-05 7.0017909372578789e-05 0.00016614532810853275 -4.9254934319172295e-05 2.4546461467969579e-05 1.1211577295493e-05 -0.00019711693428305703 0.00020672824932190588 0.00012808371425794568 0.00017724128681859835 -1.0238999815892151e-05 -0.00019319898701008123 -0.00017870777148765833 -0.0002902541421823432 3.6499807978935437e-05 0.00023686360347337815 0.00013456978831756576 8.6013094700783624e-05 -0.00022667918919646785 8.932796626496128e-05 -0.00014691933494790757 -4.5116636606043203e-05 0.00012379787540408877 -0.00010716802555512643 -2.0604559405679993e-05 -0.00025896219207659015 0.00018382605064574823 -3.5299382038024637e-05 -0.00050867422598268924 -0.00023313576489511227 7.3774607817626622e-05 -3.8630902415404448e-05 0.00012081978722767217 -0.00029854495569860785 0.00023608861149420805 -9.780377852964094e-05 -0.00024088246846763894 0.00038502548385679235 0.00011837840617557761 0.00021983326225355704 0.00027009258467598367 -2.0414611138289244e-06 7.9207285516897349e-06 -0.00017070727996864777 0.00010136428106058229 -7.9249102956634252e-05 2.4669192922471039e-05 -1.5750126189206254e-05 0.0001186470690416915 -0.00013184285618601211 8.9296525752294843e-05 -0.00030313965566074717 -2.1081751883443205e-05 1.141182816948219e-05 -6.7313937345318061e-05 -0.00016599485014613912 -5.7992134580351979e-05 8.2904555369874686e-05 4.2094270390601348e-05 5.6440150118755183e-05 -0.00026868034981433975 -5.7874578266071666e-05 -0.00012306346071760062 1.7607214445722572e-05 -0.00021084018818101196 -5.3819660392872393e-05 0.00029009943045947806 0.0001103638669266138 -0.00016513920245587874 -0.00026947743525054617 4.2503935222669822e-06 -6.1196023908688575e-05 -0.00010338321769372602 -0.00040520758951407599 9.2187841330819767e-05 -0.0002523925344961864 0.00016883036453541379 8.7148351792494305e-05 -0.00019500624705667116 0.00020795057376068394 0.00017971820014116345 0.00017978353939034479 -0.00015797614799087584 0.00012715085452092705 0.00021136662466330689 0.00017812323227887647 0.00016455749795430658 0.00023615097552155494 -0.00013412038941028589 -0.00016272716883395985 1.4051329715246001e-05 -0.00015744675394526193 7.7950732244335856e-05 -0.00010750672111443102 0.00010836631265975135 0.00027999519020301345 0.0003124315086540425 0.00018184380336055492 3.9636433222691497e-05 -7.0422716813989998e-05 -0.00025617393065348353 -8.2764164234973802e-05 0.00011355747845077372 -0.00012663488726223683 0.00020029245505517876 -0.00030869027389318783 0.00021061702276393038 0.00020382431486899868 -0.0002808143976533858 0.00016044192802104311 -0.00016761584818802036 -9.2635732896974849e-05 -0.00023670592723867303 -0.00014362950610231318 -0.00010760510143081206 0.00011620689790856428 5.987913914130405e-05 0.00010653145842237119 -0.00020576088155464272 -5.4357306527421225e-05 3.0498256022100078e-05 0.00017910604622526198 0.00013431119324300376 -0.0002405020120346504 -4.893397715813151e-05 7.322555248259333e-05 3.9311950391850434e-05 0.00033550507262027616 0.0003756390503176038 9.8132772065217017e-05 -1.8192386410496956e-06 -0.00011336926910630007 0.00022758383751678979 0.0002167723502539979 5.8578943231303624e-05 -0.00020106075213462921 -0.00013908754523576391 3.0580082375747698e-05 0.0002362632635069784 0.00026933073887953343 -6.4726477060876686e-05 0.00014906860646236167 -9.680499803149774e-05 -0.00019302974346143892 -7.6970162938941168e-06 -0.00028968359504506942 0.00040296653901333027 -0.00019082632385514014 -5.0951772494603957e-05 0.00028928132507649357 0.00016956566364897618 0.00011914219221367643 -7.1135279811801146e-05 0.00035289252049963037 2.4808991864827867e-05 0.00029772227047072404 4.6004999316089773e-05 -0.00020483296603463112 0.00027090761977811698 -0.00020715847977861507 -0.0002153428140153202 -0.00034511793200911413 0.00014997944058840854 -0.00015101539272219334 -9.6743493782705105e-05 -0.00010408983364206068 5.2282894957470527e-06 0.00017341754743791635 -0.00021875385705238932 0.00022552710042410119 -0.00016054657072025989 -0.00019597656707244753 -0.00035351939463548803 0.00011033788122665783 0.00025414953124511719 -0.00018499771695773372 -0.00010625174681123756 0.00036182586072520918 0.00013215135747015857 0.000143690271770882 -0.00021464222910936505 0.00012079969222551608 -0.0002017528737231441 0.000111430873089739 -5.222722594355211e-05 -7.211035411807473e-06 0.00039367758708082644 -0.00029038337392781825 -8.9063063512078108e-05 -0.00015346219045628829 0.0001399291102988654 0.0001208833404718688 0.00023951611783864702 6.6662630234797367e-05 -0.0004516116782290745 4.761003281808349e-05 -2.9681448613406767e-05 2.5480481156235975e-05 4.5241785835823154e-05 -0.00016983423786555877 -3.6349772685127897e-05 -3.343626101164853e-05 0.00023945028451054473 -0.00018673999525709378 -0.00017518011664895247 -0.000128251135465161 0.00023767733852739657 -0.00013865396164391004 -2.4236061622911099e-05 -5.4239802675879567e-06 -0.00010657140660550103 3.1385948858628047e-05 4.5385716481139222e-05 -4.0835345342859166e-05 -2.8876962874468101e-05 -1.4494058837836317e-05 1.3876085237467577e-05 -6.2066067092922823e-05 -0.00010303717945329986 0.00016803089860099237 -0.00013837428328590789 -1.3597860170217027e-05 7.244528867802223e-05 -0.00036676076281796764 3.9704805491167769e-05 0.00041806033048889167 0.00018517620003110041 -0.00028461987584153402 2.9704779208489431e-05 -0.00018754404798341414 -5.7937271260237767e-05 -0.00021999069344832048 -4.4648357829244801e-05 -0.00032259554143797286 0.00011164355107349362 -3.6763162503589341e-05 -6.9615806066529256e-05 4.5627886725360411e-05 0.00017069792267887334 -0.0001982252791660402 -0.00010669134604976462 4.2758780201713165e-05 2.968509089729381e-05 -0.00015456514965867403 -0.00014004824220993826 -8.1478343711013693e-05 -0.00014621794587357811 0.00021683910693384722 -3.2622324569094868e-05 -2.774853606852284e-05 0.00037344458230431573 -9.3209783692570848e-05 0.00024742455217281441 -0.0002839445153977168 0.00026559014823021468 -4.779992392913666e-06 -9.2043967008323947e-05 0.00027528775413206168 -2.1872232275806367e-05 0.0002782501167814059 -0.00016185657248637245 -8.2234796501741636e-05 -0.00010908116717627342 -0.00023373943782821545 -0.00031458631833726578 0.00014760419774618937 6.7273134006321005e-05 0.0001206273089462903 0.00012544394425733279 -5.8503875596739034e-05 -3.1211435631311884e-05 -0.00018722063165369724 0.00022122429497160114 0.00017406051801658451 0.0002365391682277519 2.0057634069700758e-05 5.6714329398980626e-05 -0.00023841624758396153 -0.00010815440913545472 -0.00031851082533652377 -7.0443067918787825e-05 -0.00027175676848294243 -0.00029749383627763787 9.6611895775350245e-05 6.2598028438681937e-05 -0.00025105516236700431 0.0003014753246942243 -0.00013776553130421978 8.9653007615455132e-05 0.00024868145360481603 0.00010180779664995081 0.00023499905369707788 -6.9055565131017485e-05 4.0562975697335428e-05 -2.7808249019405576e-05 8.4049235447423542e-05 -8.2542235507452702e-05 -0.0001887792007434603 0.0001550168907689863 -2.3821099566907044e-05 -1.0280324152891625e-06 0.00016201052644917158 2.516517491609054e-05 -9.2150315212623232e-05 0.00017996470165013823 0.00013213419351843829 6.1539588800087972e-05 9.5136167673082296e-06 0.00012431247776269663 -0.0004777560160809807 -0.00010467785340101405 2.3388443049899547e-05 -0.00023792918701106435 -6.0607043004960701e-05 0.00032867947791164517 0.00024364828927667776 2.0726058489325611e-05 0.00012266212334427595 -0.00017945372497573219 0.00011105932560731342 0.00053139880777908861 0.00052986137244674127 -0.00023623949552966755 0.00011481687660225658 -0.00023828963080409614 -2.0018334595208745e-05 3.3008717770304814e-05 0.00035391827857197793
2.2991631242273129e-14 9.8398288793884243e-15 -5.9549171042526267e-15 -1.6524647726259751e-14 1.7064818815147839e-14 -5.2608252292362714e-15 -1.7782009626323438e-14 -4.614185184947526e-15 1.978897547786724e-14 -4.8134134591981675e-15 -1.5590345347180731e-15 6.6845591137866618e-15 6.2793431833436889e-15 1.4964266363205043e-14 -1.4074541064971313e-15 -4.7213620852441535e-15 -8.6903904984399971e-15 3.0064473329679443e-15 -1.3829600696343602e-16 8.7384824607076914e-15 -4.3085227024345016e-15 -4.2274985209564162e-15 2.0490869237542049e-14 -1.5555124342660547e-15 3.474396785429928e-15 -1.0130411213494443e-14 3.217099600741215e-14 1.1161954704244084e-15 7.892145268359938e-15 1.2887061621913751e-14 3.5630264128075304e-15 -2.2941558363796571e-15 2.9740349844396197e-14 -1.377339084687012e-14 1.0499696066536532e-14 -3.7094677546841655e-14 -8.7854133896509609e-15 8.3798768639115808e-15 -7.2061709749374614e-15 -1.0020644263919107e-14 1.8689899647372902e-14 2.3087814283374761e-14 2.5715491290693679e-14 2.3948593536336248e-14 -7.9341298102663339e-15 -5.6430395983860888e-15 -7.9426461441186338e-15 1.096304494203509e-14 1.7880237494610023e-14 6.0062992947196468e-16 7.2493113392403017e-15 1.2493805615075825e-14 -9.6268204966756617e-15 1.4937662784567414e-15 -1.0926104261645674e-14 1.9549285035058094e-14 -1.217935968503411e-14 2.1946413107324466e-14 -2.574016875285967e-14 -1.4003611487030272e-14 1.5093288836386329e-14 -8.4751202624209608e-15 1.1433743055712036e-14 -7.087347749095219e-15
64 26 linear
31.21704963198016 152.98151724099949 -46.990286420073744 -99.544651031607486 146.11873435435177 -92.911092287120312 -267.2998824104759 -97.169967693624756 2.6724993504360839 -130.4967177880788 -138.5178598324803 76.65654744183712 125.39703975708636 290.01732267944811 68.761697341829148 -210.87541271891371 -14.703605418816512 31.431639811440256 -209.09084544766046 -228.02730002668164 -155.52569548182544 -12.58453770223143 397.9692098897973 44.623909802543579 -32.588326161342579 149.74214033539508 121.0106519680553 -149.92706938446474 114.05405258070444 14.33521667008327 1.3940751799415025 58.090564199035271 273.32151714352403 -54.255842751709515 67.990225135204696 -432.71958589080828 -79.215118278645519 205.39315233409849 33.644705146415035 -192.83369201608957 47.789083065254857 307.25575279274369 265.94703883963507 133.47571196163713 -52.227264811445025 -128.49742928224941 -25.927398845307181 176.37019399069294 59.287352380266462 -21.549023621100432 323.69979394913196 72.180679157516252 -183.74951989638132 12.11015029348097 -14.375849598198762 193.66035417053666 -256.50990395813943 246.6751082134123 -122.7545131536083 119.14639608539815 66.668032475258258 -7.1444719808825781 322.72973285374297 -44.09358888618361 128.52723183541778 106.85383310981068 -106.06639535718529 -148.25711473266836 77.330795534606125 -21.51190973622559 -139.09389630714907 -83.07808034002673 101.20558235538402 100.97193585772543 54.817906019611875 152.0885668596593 -130.68255360029301 57.740716177406256 -41.51087159271637 -133.7786318145657 -30.34977734554095 26.375967759999327 168.4691539532559 24.809411309823481 -195.33653164755034 20.240394935948082 96.034919780844035 -50.751353831392663 14.745603518151768 -118.45134303863294 346.19412907527777 30.8960321998312 -28.548365364294739 189.95395157534026 48.940681184835654 39.454253491188219 193.94222873474715 -114.78783922593574 39.809116434784542 -277.83896070098257 -78.15795574400272 40.010535072846316 -2.5937488822608312 -62.825167287031817 172.47974382499029 247.75920192535446 226.67392891619772 235.7224291719013 -36.057237897358021 -31.522568545422999 -133.60543427522668 131.72167837479824 135.10089435614739 37.481406763743699 -41.22807823928548 150.44306388672274 -45.947881164760908 16.595171716671089 -22.693943671964888 151.42589396603032 -67.27222670038752 112.67826715024441 -160.42211399155119 -239.89931660069647 185.34276794976452 -96.764530885459251 61.008799278991532 -12.816324968276263 131.7104167030835 -129.55962453886193 -65.157394926567804 -13.649961677217789 70.238649053551612 -44.157630355500658 -402.96772957756883 205.15097545222676 180.27562753884075 -62.141145095641875 33.728083143350617 -88.408329116051718 367.81010835074477 182.88775678097858 -11.211062106283222 -180.52694544632763 -230.02064206100317 95.620952829151122 -140.68341609596479 -22.643438555227487 14.557416893387355 -56.256870476176488 42.39226590470129 34.411075136218642 -139.0106053183431 39.776145972158218 152.86226937956599 27.791491283694299 104.05972020655312 -45.564612819419807 184.04289503746872 13.976757336643843 193.55958349169453 -154.00963302396403 -37.451026263112951 -238.72873226104053 36.413696415741384 155.65883712330077 -136.85890020549348 21.851202959260533 69.953434797981998 78.792756374099355 241.94236461963112 74.129145116046345 -116.31827821412944 169.17034181787221 -160.54695877438905 -172.35284493776345 138.36630600626324 31.660775218787382 68.263781661930281 -23.551487054032741 -245.0255734930337 -218.50390951572285 -249.70298944239161 209.37546801582437 -351.0786228407689 216.15975963238475 -98.330691070768495 -64.757537998114131 -3.762904394545231 -47.887167606263581 85.984200696848347 -237.54636937146029 183.33938776337902 69.79387643195885 -13.491471512012424 -172.97327164521047 109.90498802258259 -55.23888938526926 -215.49469714817059 36.779183671784409 205.17465338738646 -60.084657477716377 -25.577011012822908 21.42315878261018 58.809939943241233 155.43466820612713 -156.23851875893337 48.255785151148061 -111.79068942571234 116.38329877184795 -59.043010544843753 141.24395843606482 -13.233517962634515 -38.891207426852574 225.83069394803078 -87.081287738548667 113.9974609741334 -73.649597857792202 181.40533588187799 -6.4798204581188017 50.301695526496736 25.061829625194093 55.814775304223531 -18.020536780574986 334.76066282247854 -168.39372491135617 163.7299099952167 -296.42549284612812 -51.009919520388635 11.779881055325312 -225.11364178023575 -232.78179673717062 268.88881640066268 67.439576208729221 269.4705188663188 237.25799193605988 -2.6496213082993449 -11.060071359233046 -102.27847943602964 65.583610602893287 134.32965049837716 29.333101862478209 19.920041272584285 138.96293995972454 8.6143875084440182 101.25644207449633 -151.00337934983895 215.13962737668328 -66.373363082739388 202.35875443159367 -232.13053523381711 -133.32838845943402 59.110608714527103 8.5245439268549585 71.423811995391446 -38.059949111773157 286.04931448228456 -5.783396602851683 -8.0281709701617388 -129.22750281401773 178.35204348216516 71.121329186565845 162.5213806688474 -83.376063383661716 90.506347704669452 152.25723933082165 53.686879511829019 151.36921682589099 5.5740999956680746 -43.4495554062607 -71.602897470554097 42.576759796261598 -37.605032005537161 -73.322493000324471 87.0305174654289 372.41118248064078 -12.463605743537272 -64.176844230950934 142.20340961571139 72.930441279550308 -32.049766465544565 -83.936342034878251 368.4610695378625 -23.799904082391393 33.440387157138673 274.04137320305296 171.33994406856138 -50.858653708779066 236.76470222389327 -205.43176480182473 -52.594966883946206 -446.07497026087935 -81.959953480840127 -93.689816034639577 -35.961049503269315 -162.47795053929184 216.36901948545346 163.37697247454298 297.39375010459054 356.893953972036 -73.700268946683479 -98.551578053730509 133.46289947753729 67.050819190458554 160.03837557592166 122.92424387623977 79.698053967435726 180.48684649629678 -0.29504288114081589 -59.96341135234411 -40.476267642619426 99.392989025489271 -83.261250982177344 127.38938885110348 -336.20655907752962 -134.88339143791046 239.03832956446712 -137.91660920443849 -14.163651734853033 70.904900942407366 163.25675552987815 79.37196064118379 117.45152632246356 -214.25454693619088 72.064520821199778 -12.443573867633575 -203.18849921885061 -156.03245487166174 110.69111829234504 -47.882684510852734 -7.3985540729906987 126.83254363213527 -37.433194935847325 125.07798821334239 23.579203947933351 -109.9298710478048 -22.042233599447393 -22.729942285753211 -1.5629606231733899 46.636209333420368 -49.326226145876575 -62.239998311280495 223.13364642240543 -110.81619683374188 -14.183072083014302 -93.1925860363109 197.65226462793362 -20.222086264040833 71.235639500843433 123.94554176513016 -55.530495438124689 -91.603962408245778 183.00235735386173 51.943824147281298 170.99026173785558 -347.48260246521932 -124.96279854951484 0.61571015522545025 13.942429254369287 -230.28863650942228 226.6210385841066 284.67777625786658 208.30098744262011 189.06885510540576 19.917665513809496 -12.31221014038249 -31.808071585244171 136.79393221773262 165.82367140627804 71.368469011104153 -53.993177931227919 181.01569824414165 52.428543111701799 -11.413063089793809 -56.329516612389043 205.95723490962123 -90.440243110323223 123.97864785340411 -281.57398469425272 -93.209151670759098 283.55527707784938 76.644394776425429 -21.907879740311895 -14.513881545958704 193.16160608051393 179.38067072916675 -13.494860770199409 -38.807374929637803 92.41803889128397 -169.55513988953712 -336.01439245181132 -34.696930922428493 138.58154313883026 -313.85464346021683 -20.837255660744486 -150.2481843983104 -37.866938968323367 108.41385716790863 65.077166145461618 39.495256259708739 -140.06403269674115 -79.543245306611524 -49.756390327002009 -93.373299407889789 -118.52048997916086 86.317081762837674 312.41072441903833 -141.84010815525102 41.68657770186725 -235.56158374418283 133.8713532644469 135.35481799571176 117.04896718168482 47.677699518080559 19.983683497580913 -173.45929929626564 283.08481542931446 -109.32526654012842 165.61433808725297 -40.696625773821296 -80.183468341706941 225.92823753903957 -78.323574729648215 -41.767212275453758 54.14299412704856 96.296173747991844 116.39606179143635 95.185534886255411 -51.340674691616456 -18.726231790886509 -104.80018783921155 -123.18878701803243 104.61829618483164 -64.628085709939967 94.889600791072638 117.00252726974927 -105.53564354454147 238.26493090347162 -309.72555946233047 49.632586970662956 -125.9783994032921 8.5682645193354148 -369.60772411038863 -234.7984190056701 203.58165165827651 -183.30013681716886 108.08060439633707 -28.952147796416156 86.186726832634221 115.68108421831495 2.1620671430537755 -87.704886905188516 173.44964073359091 -17.870840009626647 -55.389191799651314 -98.15585836794213 75.400192297605713 11.3721509574642 -5.2754622296030007 58.471863148720892 277.17427692557754 45.981529281484185 -30.071223688715328 -35.84224031015895 -107.33984006873651 -61.561406714124402 69.483546211067676 182.1434690721205 -43.137364061812022 41.0728417371513 172.34261385779064 18.876461771218871 -20.93204587978957 -100.80419655787628 293.15942982252 49.763080876718234 80.121962468800945 -16.939307895866634 40.896331349375188 -32.299337760435662 257.12128161773364 -90.003495689693452 49.616824795623387 -275.80546457154486 -20.060444031733773 91.578648724793453 -15.671983427055705 -76.688855464839207 -26.660289444545434 260.04152573894271 301.87515485894028 234.05088557322517 -134.65697670318508 -100.35912046242817 25.527896277930999 37.62511107654263 161.82951895836334 64.859236027038989 -7.068519940343073 132.13286622515079 -97.703250161574275 20.503924765382376 -139.5065119157926 196.51268803615574 -172.91077260304917 275.07146786558479 -232.95438502666156 -73.175763413407822 84.601521641477987 -4.7468299261242493 -10.997793437035178 -104.34490328208454 237.99254722320015 170.57691161710062 -206.02519912154582 -161.29049310778822 148.74678612276904 -175.13783929094836 -232.18888896028585 174.07444584594845 220.61552325978056 -80.762340718385133 -138.83683956004717 9.3871098074819699 -8.1761125550898583 262.22675408509303 -0.15856695774434115 -69.002996020032512 -135.99595400698894 211.13837764937892 -12.255179771965288 -0.12420357548126848 -47.278661613263445 -168.79009980002024 241.20932375834468 92.454111519198463 41.395850678198734 -23.223465764024738 398.64482645353672 -0.16921756055072734 -65.205575666363615 -16.105151771721239 80.163398222293139 -30.784246438757048 221.53312850947515 -94.786293017341237 52.434681589298734 -201.53258969066309 -19.192641925480629 8.9544557499219408 -66.844737949041559 124.64894502727144 144.2978831805485 235.53400716775207 16.467958733103757 259.70902424009159 63.397281217966366 -35.80112499247673 -160.43181401736933 213.33972719774701 163.81335023069539 -230.26463206175438 181.5984513656438 8.4696346424589066 -206.46174761563361 97.50615313934091 155.172091674798 44.772461261971614 -2.0838740777388978 138.69054110060239 3.5857883271058739 -70.671418469424225 53.503588902826522 -186.37475105878283 26.393288620949917 -273.75238569565795 -74.160106751547559 44.507793571510653 -83.127203381966353 -165.44016534156003 117.49584816746835 -115.72989477280285 -248.11354763530693 -97.637693201509592 298.29161701849057 -59.416811935043143 -120.56733247068298 162.31083962921815 -35.921387995766793 144.06584230132017 183.30312590537747 -69.127404539371796 37.107139402105702 133.10363842819913 -147.61721308033509 -38.860777031362119 52.963448898805616 86.401916074633348 353.66924462346191 77.39403438253656 -95.414081306222613 24.546046906735214 308.19561300149189 100.90630024010235 34.511030338144749 267.47472959391553 23.67734481723673 -85.40280503483018 134.32347877015096 47.285013830403308 87.340698157117657 -415.36988797478017 30.192997082133935 28.282746102863932 148.51543421811175 -171.28717289410474 142.30925296273702 247.07610737015895 366.01633037319073 54.131997420919205 -73.896275175458385 -221.56163551182496 -68.434189905313616 206.52270724598051 41.599935191163311 -4.9088333317859281 100.59337450444423 116.81968455270047 -101.5110886880727 200.91846997572588 52.602666364747961 183.62857306304801 -54.496403817615452 176.69355941121373 -156.42476195579707 113.86646018069219 96.975734837443056 -55.150576259992349 134.7803844147553 16.159770989614529 134.85986400897283 87.651955422440707 -259.74676816485703 -94.955209597597104 213.02801731329623 -131.67219832114242 -146.28756632146542 -190.00941406186593 268.18630680691251 -83.671452513702462 -61.456107590942317 118.35845425020437 -108.87118669019715 100.15798767253418 39.310840965079699 30.132673475820411 98.00474728639098 117.3694433375196 69.935443328401846 173.73064780547071 -47.366715544660067 44.035278844604122 236.68096443540787 -53.22203372080498 148.90310619642352 -196.9351638971612 361.1203642761842 127.02160620924178 76.361705658184476 152.71453356469371 55.941599731882633 -81.544899440352268 170.66500146048512 -203.68313489815336 245.30988516900689 -147.1440735329079 -95.644038460368748 99.429956663765623 -26.5110259758724 -138.02577940692927 81.66006227516408 91.231100581495909 -90.939337136819859 191.26690120285474 -104.51041035280242 -76.574809875011866 -86.790257346581342 230.28631280632874 125.41346842671283 -46.558597160904412 -56.097297088326663 3.9348243219529735 34.756644680339917 117.76485261777039 -109.39997921303333 259.32147632039926 41.801094433788066 239.07023240425423 -236.38969911012811 -188.29935150381738 133.19098104202337 41.874493529571502 60.588927243768111 -65.346347454814406 265.56892055248869 -79.500721486148834 30.026636216355087 -43.965247988757369 233.18053285978658 90.634703533477591 -142.56053208481356 101.519285654638 157.0013422170241 -17.276171054848781 -20.98893399700313 -104.78501034948621 65.483551170578068 90.802867385277139 36.322431665490171 -8.0488715986308677 -198.04731597439937 62.895499880185852 -7.6666606023101949 53.035328066534106 -10.754483960815424 -92.802612773369304 64.48890538815715 73.175304897878917 -88.738863959492534 -117.43506541675455 239.04460767027524 13.690349613261091 123.14862383022407 163.97130732888533 64.797772915995608 18.909431246888005 172.1919992025895 -72.251925511947803 -1.1670365643125571 -343.15232490791095 57.266395475744751 68.478645073288192 -240.20368752024453 41.527471292766698 87.201255708459371 122.94895598828009 320.8493826935503 101.96780013822251 -86.789889921177974 -51.112706238606833 -66.26009772133925 44.697071819309542 207.01753205331164 -120.85385007587848 135.10947117472108 106.36287150796497 -32.53700177788933 -60.567940571747016 -191.84648896384493 201.76230804630038 -270.03858318217726 264.20161601034658 -37.407437739218494 -155.09264634504882 -0.77242872381432193 -106.26477638589024 -27.482356325501904 -162.44823493743127 215.91258737595533 86.953282705156212 60.784677389391675 -238.86159513874574 26.604149894127602 -73.681659899035878 -138.0669260007256 85.711797426275268 211.43261783324124 -146.12902789094645 112.88001600166879 145.39915087970505 104.36547693326715 86.278837104536962 -7.2635777489176938 54.051328393069127 -42.694908638684886 74.129933375770378 -128.36463276946515 40.719927385699378 -22.399898717724447 -1.3859739174066523 63.302735960291699 -29.708154232789845 198.93575100900472 -149.88121049770143 212.15701682600474 25.837598729807048 161.80887123666707 122.97100866797629 -114.90785168798052 85.640919839875366 257.38547466615518 74.638768149124928 83.449551185417761 -131.51200240495362 -54.672559844037785 115.6080650785606 -129.34340610867167 75.046828077972208 187.70019640343648 175.25321183021487 119.23966002904282 194.90265830522239 -48.715712316231972 25.220768569561844 -22.782116848410016 20.012195879001524 169.2185288181083 14.017852094257599 8.6309591061271789 39.095006674182784 5.6052060334425278 -86.089538583516727 -149.75031718439908 227.69028565294377 -147.95525626796234 208.25485427144827 -89.972448066444599 -169.98280530826841 48.526491089692669 86.241015138943752 241.09052926406554 -44.42140855672934 156.4947850046471 57.576302475180711 -98.725657052045904 -177.15408930929965 -1.0827662645806129 -115.04430590988849 -119.84037356710648 -218.93949253447664 199.20821264466491 -98.800595069894456 -59.962689264678986 0.21065241694333281 62.308082133397335 149.72638879654892 9.516708656722594 -32.181364523125708 18.352660535268249 9.0570733756738377 19.762440124407551 -99.360783806142095 51.511961519667182 -28.930872507565226 184.41955467251768 -61.336832916018366 84.862267253346886 -125.66326248026412 190.16728463515756 -28.018552471687599 201.02575042568964 -62.796519811395903 -133.854611531605 -13.232930994145786 239.17006265846337 -147.8621876523581 191.68827275540846 -275.49058093873197 -107.7715592862981 210.66376627489925 -2.6199938188172212 -133.32170947185139 180.66119448850694 291.46675243852189 119.23982999922217 230.10172662697155 85.373875589564321 34.21521043576179 -168.63855272932042 40.102491137719824 87.728678812993934 47.19969679143491 -45.680314273943964 9.7930059335703028 -37.280340611481641 58.970860778931652 -126.88464927060258 226.60145928108216 -47.718477362681099 171.66760049437343 -176.81718752040962 -30.319152027891988 49.070350002343176 -28.273348472618665 75.17725379053698 -68.154768582560735 196.53556494366774 33.495273330990344 -3.1977015381689284 -65.163175701087027 220.19870484743848 -55.111170648354289 -193.49167355531847 -9.2524164819533752 219.0127666331274 -166.7423822669914 -105.07292389133056 -73.288423503855626 9.7848591728963061 181.88962844151121 26.115341611387613 39.663761710397523 -118.98345138630533 -31.541237383402766 4.0925585973570486 47.382125770786232 52.534420591251802 -122.86061654314868 172.38001302172196 -57.917852843439803 -7.4096873629425133 -53.264295230306899 246.15856119481049 80.102511404824881 86.052577754682048 30.513385012171099 94.222343494204452 -45.084686560020373 191.78332745840058 -283.61633137577837 62.200703191929662 -141.54056619634579 -255.56529867384916 142.45067962280723 0.81060890919495776 -68.585959912592529 312.86713159178169 202.18985987084093 24.381059477435691 104.29853763325013 -107.20303137201725 -169.23770331354959 -75.745417404793244 73.069140460541746 162.22302731462446 72.337109045233646 176.33647347752003 251.03205203843538 -147.808414105125 -21.321874139309841 -107.24709103603603 130.9358763673045 -160.3079655489334 243.46421385888794 -326.67922573925318 -169.56930892132124 229.84517313827868 -104.52814202955727 105.94982224708626 -62.370669488397652 181.6659483012331 117.09123551517845 -1.6094229439160017 -120.08727748949116 71.054020800498904 115.57510531091363 -158.86800119665236 34.261489747190211 73.451240231150393 -4.6012339099123736 2.4847304031485038 32.715607345850579 183.24043200619224 165.36255476639303 40.942520218016341 -205.00067654113658 -73.610692266367153 -188.40846361840153 -96.545036370341421 -17.691344136870356 -102.01194875898189 -40.020969879767961 -13.481088152984547 -20.518823287196646 60.049949569691861 -142.29052394401117 175.67328338424511 -99.757051712117402 59.443512563866328 119.3811706968508 35.311499606018373 116.27409228159584 216.45471056987569 -109.38895668445603 16.606657425839259 -431.89930004934945 -80.656262719865097 21.737146384460743 -37.994502639154689 15.013656185446962 5.6001608420287852 208.33627595769173 311.57380686154619 195.80539884333004 -135.27315360813782 -96.763239931479262 -97.675213980042585 230.10518191860297 186.07332247720717 -42.514257395500394 -48.276617644427532 39.424116755808043 -121.95229911313966 -47.444023971410488 -159.65695877797751 -35.864770695144998 -72.152630594422376 132.23513095905116 -120.48525006697467 -72.738102452275101 79.280457194111563 -128.78678221214989 188.52106241657623 -51.663033210687217 295.85070606715755 125.100020341457 -119.46937437402602 -216.28515477753217 138.60224885800935 -175.50793400202826 -142.32741825683132 143.95631088299805 215.08912407659909 3.6129882501380628 111.45230058750502 164.75994310500073 -101.05306597504881 78.038262871232973 -73.654477400078605 21.941820333865572 -186.05732959935489 208.30351896607402 155.60873665426288 32.953718327619939 -12.15070084336018 14.867403550614476 137.81562587875834 -72.660880709169703 126.65880674339013 -22.370829526884307 341.30380964322916 -65.477105250833375 77.298615739257897 43.713236186811187 50.604884810571818 -130.04079336326853 302.84583649905443 -193.64579963808117 114.52664274074151 -304.1110005927523 62.048244915832882 78.52382162958699 -147.28836417287579 57.214656988236143 147.62810699333548 23.615056921707776 146.61131492784295 228.26345048883488 -89.763119541206365 -5.6842671438801773 -178.79409435751847 181.8790306389017 118.34690591387034 -183.71687687832909 136.54765953135615 5.5632230398875571 -157.97738400082056 134.05404278094568 -13.400182939487429 84.141606701844097 145.49644395165802 284.13722004801463 -226.37573658449747 -151.85457456242679 14.04832639853587 -250.21659618610829 210.34227052291359 37.851761159874883 36.155977254552489 -117.89819843684322 -24.013360918129138 -265.4774181027733 247.24927546532106 -342.45904092032833 -73.495963804513138 -109.91982577701128 183.09866943278254 25.476994783036247 -229.27224555051237 126.79903609324833 6.8034516440904014 126.55666844940112 -129.39386990107619 -56.557009624268133 23.35769557461289 39.078630956953333 -174.27377267258083 73.646453522391255 16.634877975607125 -18.453385661204877 511.60853187042756 0.010368343555178683 -118.08334353557377 189.30987458659487 371.9303033731012 188.235088136748 -42.300606494199883 119.65392947927293 152.43398855543117 -139.19068042429058 338.31953589599925 -69.991659279728566 98.005766880776747 -368.99763187771106 -110.84701877021396 44.658216043826791 12.527744286622216 -241.08455008579722 480.26473816427199 221.01122106383835 426.97888699090623 -14.232298827368965 60.467389733479052 -255.55185579807019 -177.01515567024663 149.07680666354671 -27.551740285251586 -108.5952004461904 23.242152147129541 274.44849535253178 -75.474012479740907 264.3692911978556 -76.737600835265667 357.77583620415862 -180.63957589981516 254.66276364158523 -180.8003061901581 -32.208600549674081 216.27527200012383 -267.97312531064546 235.09286853074212 -23.861900112293029 249.6632109776933 132.20553619622967 -73.836324456109651 4.5081034357845056 189.54194795372246 -191.88249510155484 -221.82684892049224 -42.609795727089249 130.21492618813897 15.871427404259954 -64.748395433502353 100.46201816393096 74.810847472741216 103.34018357159047 -53.721604223412371 -225.02382019196955 7.3789188964851373 64.97361144498953 -2.154549243279952 17.520765761596749 145.82944336304774 -69.976559918567332 279.68279863978819 54.218058648588759 -42.465445999927937 -3.8185877408607496 288.32965222941129 -42.51468633698569 -7.2838502064744546 147.15670382022759 95.941271550989555 50.495733277644518 226.25559487648451 -145.52353787970304 124.27194846290392 -303.22726133528101 -122.64006403505579 66.981421689447316 -98.02742081493372 -50.69042673917297 135.56772373063339 153.24910627890216 221.20714798625573 120.5814745114963 -174.2872260978742 -74.351399613389631 -83.45050501491653 156.96029301878247 31.69494531770524 43.534179644330479 130.14215678233194 102.58725478715036 -140.85299308584365 -56.29974447045786 35.07209256491079 120.91912649893339 -147.82700694405173 136.822259637836 -220.79338233830458 -45.035625242202677 200.64965518939709 -77.259160588064887 125.95318430851255 -97.164630728564489 270.44911417444217 21.251885883866187 173.24562801397406 -270.70703813811332 225.29277334309086 75.168458723618414 -102.1891786972909 232.90681449428155 73.344686671002847 0.46891588082284841 -137.24463684187378 95.761292478218238 -113.15816903328292 -45.569441807618745 -97.61931680866202 -136.81112952021522 -213.39519169617353 -33.61622722829317 -92.816517472685177 195.61326485749208 -41.831005510882179 -96.542357802317142 93.584217853070754 209.15592200718919 -196.71806630309277 -137.63431508656839 429.41879162260966 80.883900252780251 -22.406486003218035 390.9188248361329 233.56625482886054 -2.7346574425590973 246.78440619218838 103.78283724913307 -14.027271169575766 -562.3136453105634 -78.432414107136026 -58.153226532260824 -35.264832981740931 47.237649272880233 303.20549003291131 98.706521031891413 576.00504970634222 306.21004639131854 6.7376583151741016 -100.74482581393657 -277.59193988873483 266.69325292365647 444.1164560544791 -42.116282730288304 253.69876300811205 144.87802638066557 -106.76710820488427 22.515238338990613 15.456183263546535 75.962490489558604 -312.54300342665289 435.59635784190198 -107.51372767820597 -63.529523288890765 42.11919182682503 -227.63466644690158 131.26924565489475 345.97878231789616 225.20781432554983 33.381176104803643 -139.4132136129262 -136.16123353816403 190.0086144715394 -47.840694169860484 -171.01942871411831 19.228744047687883 204.31555285908496 -80.0997890929888 -4.2834994067902912 50.018672835854147 100.92181647545264 122.3896345866297 39.022440056518178 -0.84804119548243051 -68.469244504959562 42.986177263848965 139.99087885301191 59.963246913683157 -196.64017670019294 -22.869883016400632 214.75025716753419 -16.230154453043387 5.9795779321597706 -149.59183720147959 223.61707494018259 74.082001582252303 36.668949255400598 161.59190882214781 6.9118286813000793 1.6226584581968382 217.06739886405416 -8.8717168311062693 148.6198084844338 -298.20211973789202 45.963504533877028 53.369593915291084 6.0788914364359172 -64.578425007669651 147.55583488401442 264.80650429767917 194.47516676055494 275.82667926416343 -71.059284446400454 -14.225211095270758 12.320805013675695 5.8925032862033575 210.18997629155496 -24.859402137777266 126.63971616715101 20.180942372957183 -36.535221186449959 -34.52298807222715 -133.9144882033147 29.284815707855728 -31.637335691380592 85.822234680354001 -79.37773608113514 -126.97758144901265 98.530395863876038 -39.151226666995072 38.462982894107526 84.694423017560084 263.57227619983257 293.87858931018661 -32.160801757790466 -62.549199599897918 249.03027426431481 242.99038755640922 -181.37115766361956 -84.488158612978253 37.320969989493932 111.65569585747924 70.942732631465091 -85.388984268040957 209.1770566478942 235.31155256269051 -10.996765308272959 39.388943158891692 -247.81304835422065 -81.165187817499515 174.91747325722872 20.580078024323864 -66.683404230837866 -94.68259657099766 23.647357391945146 16.945497383256992 107.62531134210975 -114.64128403606964 177.82913873670043 -168.04751322109581 -9.4084576157796747 -64.578714326935057 -108.92419795989811 -10.840496349265436 452.4501422007811 -157.68685516042626 153.38663249900006 -304.25291289505736 -71.715346578255776 38.640777102128872 -108.40001535609329 -205.27925149821465 73.8812721546049 239.02946992120835 242.33468514597692 240.8498628532613 -36.449436083836289 133.95728907111177 142.31548048799132 -138.23327701734456 129.96586973303548 47.825080745212027 53.837533231499123 105.94321386521463 -147.05595590600174 -29.873068395670021 -86.338593269826674 204.93884929607279 30.432087959644264 71.682800077968253 -451.32374115461823 -155.30518638660578 205.97066655850034 -39.462449263239201 18.159325184414627 -323.58407827428471 182.49826577412816 79.863088556717742 -152.70960973358729 -226.722279581961 180.38969260040309 -87.042108499882531 -29.80619397312384 -112.61857564410484 170.98669340540226 -96.791869406006555 14.067929901507 -47.65370610512079 148.16628845345122 189.46697324964987 -58.633261446086962 33.122379958145899 -87.823819164181472 60.578103560287104 -108.39806201284227 204.51609987160489 -99.33514873771874 -55.341710683369577 124.83493372533447 -66.051073211801508 22.191013587408101 -78.209069966501332 203.94260542350273 -13.842153531604744 144.43343576221218 -2.5458744564276401 12.839899705998036 28.646236725940295 211.69543674267862 -106.97029316760772 -73.897140906714938 -174.82223861013097 -237.39142822316387 -12.434670560395197 -8.3771545745441784 -106.80103300229888 168.43304089227053 212.01287439064205 223.81299486241261 184.49656386100628 -173.94755065288541 -5.3098439805073951 -63.112502737427164 -41.971094296616734 128.00335340081639 21.140398435490773 103.7997590151777 152.80430357970795 1.2991713721530331 -22.297460224480737 -75.738736301489382 243.04326099999309 -124.41544269358099 34.411102022583094 -264.18332663765671 -147.44304620530011 178.55336050398688 -79.650122327650138 58.943206357805714 -83.066230341058514 77.355639817145843 16.353677413386357 -141.98171237416375 -28.214715065741018 150.39343530478556 -185.77940982253455 -166.88506230148934 -8.9667890063401927 139.28243105105307 -171.18743493546481 -133.99786623190226 -12.390548269417856 -175.16868531308813 1.9619593355658509 -130.34121279442792 11.824648173236412 -170.66012869735897 -58.636611298095033 -32.877215678642472 222.11148651805914 29.117692287368733 -193.65503841940256 126.43357446642673 52.126892639318257 4.6465619505700175 132.60431677823709 177.87604114948286 101.18892277574651 11.246574915800451 228.76459285826661 36.770672498377991 7.5427942027020549 -121.70589389686199 -91.007720877161617 47.687286168234827 -420.89674981945524 -219.02044400814958 123.96666765266542 -44.8238050815431 -25.954211569975406 116.40742369101145 259.53782854991971 53.706113440131553 95.016460734464019 -48.884382271671328 -136.33312489915528 -253.15166834284656 104.47881175536422 187.18251852493574 155.50159118895368 53.92294311113254 178.95799789998813 -104.50188959431276 -81.327834331682936 118.29926280579758 -33.781803078094342 -288.14717233749241 249.00508995475698 -140.16804396687098 -66.328073070954531 4.5247182142850022 -34.954467925203133 -173.23639553650824 -112.15169427919255 219.97613051793456 101.51894277539577 21.322704974613373 -11.890961986369632 15.92121395265292 -7.9190465901215035 -96.094067500087306 -100.82067226576804 102.85336031943736 -38.275657149767838 -28.719827760011384 58.532743972192733 9.8056381573924902 53.492827744043915 -77.166747446133087 -107.77014348726138 51.464599944582709 83.579950647166271 -100.38369025181674 90.182187209437657 -71.740440396576247 -75.769213407579883 185.85181800424084 -77.896716805081169 34.002046372783539 -104.27720006987815 199.94997681984697 85.872594754236076 -53.368408156049021 33.373698748536782 -107.07281301257699 -8.9126888718935646 277.81868200501879 -98.203287540311663 5.5224872698253193 -356.95791962535816 -85.731624725083407 24.162852446076386 -53.696849955056251 -111.99872355613104 59.127699008336357 102.89793629379272 185.51820960906713 149.44038472129313 -73.127002838665661 1.3643214143238964 -2.0300598692741865 141.33081078005782 158.39689152454946 -16.158321787292035 10.486985716767432 82.422945606732242 -177.77325875583841 -60.926222191365284 -149.33004683537345 193.37916130531698 -179.70099661674774 107.46615021299689 -146.7869864649893 -115.43872426446991 103.35125718247845 -137.93885210097034 180.67138189895246 -81.280850044665158 197.99257980532434 58.772736528172729 6.7629176374786084 -294.19928788867315 9.3032515927702093 -200.73312205317836 -86.753391902896567 -76.696499759625937 296.32508757970294 -165.78320335526377 171.53652358376701 208.31235352665692 127.47568551968465 268.56123003289122 -38.22528352055653 -68.437464224498328 7.9463771649020991 60.322362040172436 1.5859290053866033 154.19574014257091 -13.90850652904696 95.7809351749261 101.68028559156613 -118.83239841537369 -26.737597670726757 65.144947026389673 418.73271369284055 32.487499145406048 100.55644746376667 406.42878522936769 326.46698748170513 -208.35417653814929 294.11605022882259 -349.38177924993846 124.86003758759222 -212.33006238750741 39.945609423186845 276.3813277625469 -282.94964364769805 97.425426575507757 309.40177780378718 56.701810663282828 188.71498687124244 157.17227074301897 -74.044803190085887 -86.964582516664194 -236.2455242175408 139.1560941120884 186.76440756344238 148.12746200658574 189.85527818900414 201.46442257992803 -245.43207565708778 -35.445168121198698 -84.442501369475082 41.491176796520278 -139.5807092744451 201.49538471651135 -222.06149735280036 -255.33069719391764 121.11619601091374 -18.957657265162261 263.4566093620449 66.749137629318611
9.7325596495306325e-09 -1.1833321873237676e-08 1.8805579318455686e-08 3.6068286182271713e-09 -1.8652428926694922e-08 -1.2525589449843072e-08 -1.9814834215467178e-08 -1.0355755359690031e-08 -1.4198867856842711e-08 -6.4751475237520851e-09 7.5607999937377495e-09 -2.079644895190259e-09 6.7069550674237407e-10 7.4443562501676229e-09 -2.1932834210009046e-08 -4.7006664469032121e-10 -3.2320599475601482e-09 -1.0549143778289757e-08 3.5894794683632579e-09 -1.7585250586594776e-08 6.0822174010908627e-09 -4.6561439068356519e-09 -1.9413519676033516e-08 -1.5050222399233393e-08 -2.0434889331556725e-08 -7.4688273319716458e-09
