300
340.25321508113097
345.70407655457393
300
300
340.25676331535732
345.70750123018792
300
346.27730128983376
300
346.27731951421754
300
346.21404586773644
300
346.21188426047411
300
344.22681043312156
300
344.22586827911834
300
349.11845483201029
400
400
351.33491104932313
349.11911211685612
400
400
351.33540184522155
400
350.08680545374972
400
350.08530552665997
0
-0.014057911993808426
-0.011181897851640043
0
0
-0.014036977550393933
-0.011148835252935441
0
-0.0087242960895091287
-0.012446699928302071
-0.005504417562008145
0
0
-0.013475967350050256
-0.011336690214594028
0
-0.0087164235961282779
-0.012412199231322823
-0.0054916616182837516
0
-0.0095104087427691341
0
-0.0095070081838301169
0
-0.009784761737178644
-0.0049314391312569386
0
-0.0096114722239600651
0
-0.0097627248366216873
-0.0049245205955526245
0
-0.0089960384522062738
0
-0.0090072032952680271
0
-0.0098147218516608098
-0.0040127639261288966
0
-0.0088515085673033095
0
-0.0098242016840281304
-0.0040212356965326247
0
-0.001159327693871831
0
-0.0011722823150259365
0
-0.0064032002366451613
0.00039944679045055378
0
-0.001194609753598673
0
-0.0064145256793943298
0.00038589003242266108
0
-0.013459224043287884
-0.02
-0.02
-0.0099632532202863586
-0.013424146786603012
-0.02
-0.02
-0.0099769465883824907
-0.017971445529141851
-0.02
-0.014688174692532618
-0.010287152129710075
-0.013652488351020691
-0.02
-0.02
-0.0098532983031387154
-0.017941392318089854
-0.02
-0.014695184637261044
-0.010260336633167461
-0.02
-0.0027750468254168006
-0.02
-0.002788697197320473
-0.02
-0.010293403408053433
-0.0084383036815047843
-0.02
-0.0028960781914011595
-0.02
-0.010301995121450523
-0.0084487468504657031
0
-0.0093683173819052289
-0.0088961973412161385
0
0
-0.0093847003429177161
-0.008894213501069205
0
-0.0040362139110234098
-0.0092555491006714573
-0.0038293919024843591
0
0
-0.0089768766703005026
-0.009090649140820908
0
-0.0040331928452197845
-0.0092633294823314064
-0.0038306494797169482
0
-0.0078929861862016368
0
-0.0079018253600136104
0
-0.0082917302343536742
-0.004268976239894513
0
-0.0078351507252382036
0
-0.0082927036498011801
-0.0042793659097672626
0
-0.0097259489031675753
0
-0.0097409373723265635
0
-0.0087483320355886181
-0.0039811685807407743
0
-0.0097107224111633271
0
-0.0087650702658499929
-0.0039918738944418166
0
-0.012079472171418776
0
-0.012078704942873827
0
-0.011012255256927136
-0.0033055280015237419
0
-0.012206763657503415
0
-0.011017313279315296
-0.0033131376769768945
0
0.026318529655749455
0.015937500000002505
0.015937500000002505
0.024462697108025157
0.0263647844283098
0.015937500000002505
0.015937500000002505
0.024468186551676915
0.020091682830783705
0.015937500000002505
0.020433905412009564
0.02511349728178305
0.026272123452171479
0.015937500000002505
0.015937500000002505
0.024494509881825909
0.02011689286792194
0.015937500000002505
0.020436175101285987
0.02513847782377613
0.015937500000002505
0.027972395171725395
0.015937500000002505
0.027924541670710408
0.015937500000002505
0.019533927372793049
0.026329731257356277
0.015937500000002505
0.027953401559162698
0.015937500000002505
0.019520810776550528
0.026306028795171663
0
-0.00013425819865525932
4.0585923582510382e-05
0
0
0.00012047720641302456
-6.9611711699553682e-05
0
0.00017368591435764968
-0.00019262641000798673
-4.0615369971992106e-05
0
0
-7.5569770922132009e-06
-1.4581197991493714e-05
0
-0.00017819120384824169
0.00017574468045335146
3.4695797424468911e-05
0
7.6956244933256145e-05
0
-0.0001067343835357382
0
0.00010740705314226069
-1.1652175902040532e-05
0
-1.4479056033175265e-05
0
-0.00014288727246949449
6.2182022848508533e-06
0
-0.00011930072123019224
0
0.00015677528597425068
0
-2.9007094021464048e-05
2.2953156684017478e-05
0
1.8119198264871318e-05
0
3.0360906279976928e-05
-1.474254910434838e-05
0
0.00012031268719433042
0
-8.3722850761917724e-05
0
-3.6101434311318699e-05
3.2793568006467621e-05
0
2.0626860950981543e-05
0
7.7765956373317086e-05
-1.4847909300859794e-05
0
0
0
0
0
0.00017255162507545343
-2.6335445294407207e-05
6.3501042726536746e-06
-6.4780294074051406e-05
0
0
0
0
6.2537673042993707e-05
8.5536768338519255e-06
-1.2863770774973362e-05
-1.3210751694397275e-05
5.8920752171014501e-06
-1.8013598127904744e-05
4.2352356557811007e-06
3.3840983117603318e-05
0
0
-2.5096633868237136e-05
8.4551805420452985e-05
0
0
0
4.9657945083160644e-06
1.7926171983879897e-05
7.2924791446633054e-06
5.7766620935190607e-06
-2.6110765981711743e-05
