300
340.15093977494632
345.49716814539664
300
300
340.15253450179193
345.50006815230131
300
346.25088812521733
300
346.25289601557193
300
346.4447399175142
300
346.4428554473206
300
344.30189113707996
300
344.29607074548738
300
348.81867624123242
400
400
351.4204341046875
348.81947028357678
400
400
351.42142196511747
400
350.34856458229734
400
350.34693767935579
0
0.00072880204249504629
-0.0082752111826103723
0
0
0.00074494748789411512
-0.008232810136999804
0
0.0011603681735218045
-0.0050973932846832036
-0.0036088187557684948
0
0
0.0009530182284231719
-0.0082100433855347849
0
0.0011697974007826928
-0.0050655499341687848
-0.0035961117529703024
0
-0.010282163893506235
0
-0.01025420842209617
0
-0.0097962524206333789
-0.0050614963615037423
0
-0.010059291084533163
0
-0.0097588257757594259
-0.005046018745644012
0
-0.010472683510639812
0
-0.010486339985865427
0
-0.010171240381348716
-0.0055167460328276194
0
-0.010875875580696612
0
-0.010151406004369829
-0.0055207693932357166
0
-0.016348269949280014
0
-0.016426051673229324
0
-0.012472497491270244
-0.0095432283573396396
0
-0.016107080869800922
0
-0.012538390330943503
-0.0095774850587943931
0
-0.0029418930447172287
-0.02
-0.02
-0.010186023531981173
-0.0029171787001288411
-0.02
-0.02
-0.010166005329812256
-0.01043804689203609
-0.02
-0.015185879122045987
-0.0094189286127780904
-0.0031122653882266721
-0.02
-0.02
-0.010116303589397342
-0.010410191305437456
-0.02
-0.01517868479879473
-0.0093778538016194238
-0.02
-0.015241978545396476
-0.02
-0.015330961025510374
-0.02
-0.018980662498414836
-0.011211990203865376
-0.02
-0.015258607392021433
-0.02
-0.019031003406375386
-0.011240965822638328
0
0.012743435879801016
0.010317836002122178
0
0
0.012725244758361624
0.010305853734847881
0
0.0034696509611043011
0.011627536528299695
0.0039971474647926908
0
0
0.012478850786832207
0.01041700041063741
0
0.0034672862191010042
0.011610588144568546
0.0039964738540378903
0
0.0086857765153648923
0
0.0087185989508821796
0
0.0094361771036316593
0.004522940698958664
0
0.0085442253288374546
0
0.0094398695801833684
0.0045373616400299901
0
0.0092891628531311821
0
0.0095275662038993569
0
0.008885852582104314
0.0042516588706022259
0
0.0095738256167499508
0
0.009022315879120649
0.0042540435335435313
0
0.011775252364350878
0
0.011800571705854648
0
0.010670925821897624
0.0038051134551462993
0
0.011546588192941859
0
0.010805384986519532
0.0038511595598519945
0
0.044755356171832648
0.056249999999999904
0.056249999999999904
0.047740037069444873
0.044779168158642448
0.056249999999999904
0.056249999999999904
0.047626154354841556
0.052395557783275135
0.056249999999999904
0.051620931213081526
0.046305514133814972
0.044811617177441261
0.056249999999999904
0.056249999999999904
0.04766016394851038
0.052365498894139551
0.056249999999999904
0.051618134369549006
0.046295260235394486
0.056249999999999904
0.044558921201059219
0.056249999999999904
0.044443551095268416
0.056249999999999904
0.052300825377586416
0.046182263379219109
0.056249999999999904
0.044551220368182293
0.056249999999999904
0.052288632770592224
0.046013476504652227
0
-0.00024826540372279858
-5.7256809374737698e-05
0
0
0.00022325006031520439
4.2555009912230279e-05
0
-2.7609795440828446e-05
-6.0935183229760993e-05
1.6247673263500217e-05
0
0
-1.2223900508204706e-05
-7.2307843319302839e-06
0
2.3110383592762749e-05
4.0175862610803134e-05
-1.0151933836943982e-05
0
-8.9471352813490524e-05
0
9.0554393009832646e-05
0
-0.00012173651432798588
4.0440316985068462e-05
0
2.8151514130910281e-07
0
0.00011653677318942919
-2.7207507629248392e-05
0
0.00019927161069291307
0
-0.00020449553032994013
0
0.00011223520933769547
-6.1613499736130442e-05
0
-1.9301130856396402e-06
0
-0.0001085474140523371
5.8767073463743181e-05
0
-2.3915182724947431e-05
0
3.3691507809046996e-05
0
-6.4178623414019447e-06
6.3473518045110492e-05
0
3.3097791115879317e-06
0
1.3500570015790451e-05
-0.00010629224166884949
0
0
0
0
0
8.1343066181679288e-05
-4.739100836514314e-05
1.0661632563764227e-05
-2.3915815114025648e-05
0
0
0
0
2.789613511845741e-05
-9.8740694436327296e-06
-1.6917305728431052e-06
-8.3321758708482319e-06
-3.2954399709984576e-05
-1.6109881940018379e-05
-4.4045862074445396e-06
5.1883828064878464e-05
0
0
8.3865114355500608e-06
-1.9096803991002393e-05
0
0
0
6.5325339464153932e-06
-5.1411262073315351e-06
1.0567290852737362e-05
3.2470253813935112e-05
-3.6815425634045152e-05
