300
340.15093969354911
345.49716867050125
300
300
340.15253643260672
345.50006748360977
300
346.25088664929717
300
346.25289730279849
300
346.44472973422961
300
346.4428664734246
300
344.30194106327264
300
344.2960117735222
300
348.81867816933419
400
400
351.42042943639603
348.81946770944319
400
400
351.42142635577073
400
350.34856283084792
400
350.34694025999175
0
0.00072880323470972906
-0.00827521645171936
0
0
0.00074496510779335637
-0.0082327957306402248
0
0.0011603704410390661
-0.0050973962350716606
-0.0036088167440979048
0
0
0.00095302974382650396
-0.0082100495897100868
0
0.0011698058535789583
-0.0050655331430677821
-0.0035961049572857872
0
-0.01028224622274591
0
-0.010254193578679058
0
-0.0097962809175104609
-0.0050615418713818401
0
-0.010059269135572414
0
-0.0097588319102021419
-0.0050460072069523692
0
-0.010472756390973621
0
-0.010486063831848417
0
-0.010171344124433448
-0.0055167446764581227
0
-0.010875906534694139
0
-0.010151234784380393
-0.005520672638427631
0
-0.016347534077839149
0
-0.016427143075021546
0
-0.01247238149675141
-0.0095429486855642641
0
-0.016107129159176153
0
-0.012538510948767043
-0.0095779444979469872
0
-0.0029419035570658661
-0.02
-0.02
-0.010186102633738684
-0.00291714875433563
-0.02
-0.02
-0.010165885632487074
-0.010438061148283932
-0.02
-0.015185911731425051
-0.0094189348395209756
-0.0031122537058769391
-0.02
-0.02
-0.0101163090431918
-0.010410166236397083
-0.02
-0.015178628131195823
-0.0093778388638766363
-0.02
-0.015241435200543019
-0.02
-0.015331640648409812
-0.02
-0.018980380558373425
-0.01121210633085128
-0.02
-0.015258659619338651
-0.02
-0.019031365453382038
-0.011240805403896948
0
0.012743530766941118
0.010317793281015807
0
0
0.012725329906310541
0.010305807935195121
0
0.0034696991367448443
0.011627564834659716
0.0039971270891205604
0
0
0.012478829038649671
0.010417045825825698
0
0.0034673244944584724
0.011610604676646642
0.0039964494148216328
0
0.0086858601981625629
0
0.0087187402971482496
0
0.009436214313684254
0.0045229412842152537
0
0.0085441925535562242
0
0.0094398992328955326
0.0045374814861018119
0
0.0092884927908498914
0
0.0095278369426058749
0
0.0088855967292623787
0.0042514608818146737
0
0.0095739333742646815
0
0.0090224875204276845
0.0042540901611961383
0
0.01177497698594712
0
0.011803590189796357
0
0.010670364274708183
0.0038056714283165251
0
0.011546201773911462
0
0.010807107974201632
0.0038517723195324437
0
0.044755366992876931
0.056249999999999904
0.056249999999999904
0.047740149069332133
0.044779054874446542
0.056249999999999904
0.056249999999999904
0.047626175305917631
0.05239553280278092
0.056249999999999904
0.051621062939446863
0.046305510308791077
0.044811604127848147
0.056249999999999904
0.056249999999999904
0.047660131521756785
0.052365493920570265
0.056249999999999904
0.051618021739978745
0.046295282412618176
0.056249999999999904
0.04455992253857409
0.056249999999999904
0.044441155924826045
0.056249999999999904
0.052300601152852275
0.046182815553009807
0.056249999999999904
0.044551327250541853
0.056249999999999904
0.052288290487074361
0.046012346287783425
0
-0.000248323888555758
-5.7234761389007467e-05
0
0
0.00022329745173977619
4.2535948933597043e-05
0
-2.7622525843347921e-05
-6.0914006386091851e-05
1.6253293102198533e-05
0
0
-1.2231285272785721e-05
-7.2245215302262052e-06
0
2.3129436823627385e-05
4.0140471445180954e-05
-1.0121939900977489e-05
0
-8.9514346814957121e-05
0
9.0716762844529004e-05
0
-0.00012177558720585903
4.0523509553126322e-05
0
3.2828520276550052e-07
0
0.00011664355816539421
-2.7199531888061432e-05
0
0.00019936018777260247
0
-0.00020484057453312265
0
0.00011233853985269939
-6.168771560808888e-05
0
-2.0320149299822351e-06
0
-0.00010868848557190061
5.8899900717897809e-05
0
-2.3429533767974694e-05
0
3.3139452501469565e-05
0
-6.5688780865353869e-06
6.3667216776447581e-05
0
3.2795035296560788e-06
0
1.3748466018362049e-05
-0.00010707514032292915
0
0
0
0
0
8.1305101926540391e-05
-4.7442240249842607e-05
1.071058849880349e-05
-2.3871734796849017e-05
0
0
0
0
2.7872520412461436e-05
-9.913169336342103e-06
-1.6670324608847955e-06
-8.3038171774470529e-06
-3.2934648201326612e-05
-1.6123224488848752e-05
-4.5228225677777918e-06
5.1916230700935381e-05
0
0
8.3245403806296869e-06
-1.878690310093605e-05
0
0
0
6.529749797275769e-06
-5.018259076450769e-06
1.0573230223157617e-05
3.285476969111526e-05
-3.6857394089085295e-05
