diagnostic_only_refined_primary_transfer
secondary_averaging maximum_absolute_difference 4.02577970959328e-11 relative_frobenius 5.234089109514798e-11
constraint_area maximum_absolute_difference 5.486167076185211e-13 relative_frobenius 3.173475134213283e-12
primary_transfer maximum_absolute_difference 0.018790445258951852 relative_frobenius 0.11636136538700989
small areas [0.04166666666667997, 0.04166666666668094, 0.04166666666666744, 0.04166666666666311, 0.2083333333333088, 0.2083333333333495, 0.20833333333331733, 0.20833333333334766]
small nonzero_primary_coefficients [45, 45, 45, 45, 109, 109, 109, 109]
small effective_centers [[0.12500000000022202, 0.12500000000010625], [0.8749999999998563, 0.12500000000016764], [0.12500000000008446, 0.8749999999999559], [0.87499999999989, 0.8750000000000713], [0.5000000000000193, 0.24999999999993455], [0.5000000000000554, 0.7499999999999563], [0.24999999999992015, 0.5000000000000351], [0.7499999999999699, 0.5000000000000353]]
finite areas [0.0416666666662227, 0.041666666666283866, 0.04166666666623874, 0.04166666666624425, 0.20833333333385742, 0.20833333333389725, 0.2083333333338597, 0.20833333333379173]
finite nonzero_primary_coefficients [187, 187, 187, 187, 175, 175, 175, 175]
finite effective_centers [[0.12499993957143563, 0.12499993957167754], [0.8750000604277979, 0.12499993957220573], [0.12499993957186475, 0.8750000604284153], [0.8750000604282708, 0.8750000604282294], [0.5000000000000617, 0.24999994025453598], [0.4999999999999722, 0.7500000597454191], [0.24999994025453962, 0.4999999999999558], [0.7500000597455175, 0.49999999999999223]]
refined_grid 32
refined_secondary_averaging_max_difference 5.013767179207207e-11
refined_area_max_difference 7.586292705141773e-14
refined_nonzero 1e-08 [1277, 1277, 1277, 1277, 1208, 1208, 1208, 1208]
refined_nonzero 1e-06 [323, 323, 323, 323, 736, 736, 736, 736]
refined_nonzero 0.0001 [301, 301, 301, 301, 604, 604, 604, 604]
refined_effective_centers [[0.12499993957200316, 0.12499993957188742], [0.8750000604285433, 0.12499993957142877], [0.12499993957173629, 0.8750000604285497], [0.875000060428244, 0.8750000604283483], [0.5000000000000039, 0.24999994025457858], [0.4999999999999578, 0.7500000597454062], [0.249999940254453, 0.5000000000000056], [0.750000059745483, 0.5000000000000244]]
refined_normalization_roundoff 2.3314683517128287e-15
refined_transfer_row_l1 [2.8858473958709907, 2.8858473958879975, 2.8858473958798956, 2.885847395885841, 3.543087336715408, 3.54308733671777, 3.5430873367170084, 3.5430873367191875]
refined_minimum_mid_edge_coefficients [-0.04743808643880997, -0.04743808643888639, -0.04743808643884203, -0.047438086438798155, -0.06063164861520786, -0.0606316486152227, -0.06063164861523676, -0.06063164861525132]
